4096 128
837.0 576.0 0.00 0.00
971.0 484.0 0.00 0.00
1108.0 479.0 0.00 0.00
1319.0 681.0 0.00 0.00
513.0 616.0 0.00 0.00
1063.0 693.0 0.00 0.00
1285.0 603.0 0.00 0.00
874.0 536.0 0.00 0.00
1128.0 733.0 0.00 0.00
1185.0 507.0 0.00 0.00
178.0 675.0 0.00 0.00
588.0 761.0 0.00 0.00
796.0 650.0 0.00 0.00
410.0 772.0 0.00 0.00
302.0 697.0 0.00 0.00
275.0 653.0 0.00 0.00
849.0 781.0 0.00 0.00
896.0 519.0 0.00 0.00
1375.0 414.0 0.00 0.00
962.0 499.0 0.00 0.00
525.0 681.0 0.00 0.00
1025.0 473.0 0.00 0.00
109.0 559.0 0.00 0.00
649.0 329.0 0.00 0.00
449.0 626.0 0.00 0.00
46.0 802.0 0.00 0.00
1115.0 733.0 0.00 0.00
829.0 779.0 0.00 0.00
1269.0 579.0 0.00 0.00
1724.0 987.0 0.00 0.00
1053.0 472.0 0.00 0.00
1093.0 488.0 0.00 0.00
335.0 958.0 0.00 0.00
1331.0 781.0 0.00 0.00
784.0 705.0 0.00 0.00
1444.0 309.0 0.00 0.00
1623.0 932.0 0.00 0.00
639.0 333.0 0.00 0.00
359.0 684.0 0.00 0.00
894.0 500.0 0.00 0.00
1190.0 856.0 0.00 0.00
520.0 856.0 0.00 0.00
862.0 722.0 0.00 0.00
860.0 527.0 0.00 0.00
788.0 677.0 0.00 0.00
1464.0 584.0 0.00 0.00
543.0 753.0 0.00 0.00
820.0 651.0 0.00 0.00
252.0 645.0 0.00 0.00
875.0 766.0 0.00 0.00
1214.0 878.0 0.00 0.00
803.0 668.0 0.00 0.00
90.0 737.0 0.00 0.00
822.0 600.0 0.00 0.00
1061.0 681.0 0.00 0.00
624.0 880.0 0.00 0.00
90.0 587.0 0.00 0.00
1149.0 753.0 0.00 0.00
902.0 504.0 0.00 0.00
1273.0 784.0 0.00 0.00
315.0 953.0 0.00 0.00
424.0 679.0 0.00 0.00
41.0 740.0 0.00 0.00
82.0 744.0 0.00 0.00
943.0 530.0 0.00 0.00
838.0 754.0 0.00 0.00
103.0 973.0 0.00 0.00
831.0 653.0 0.00 0.00
298.0 960.0 0.00 0.00
926.0 490.0 0.00 0.00
32.0 817.0 0.00 0.00
31.0 831.0 0.00 0.00
1299.0 626.0 0.00 0.00
1174.0 480.0 0.00 0.00
855.0 555.0 0.00 0.00
124.0 690.0 0.00 0.00
1208.0 522.0 0.00 0.00
1222.0 323.0 0.00 0.00
178.0 771.0 0.00 0.00
1087.0 509.0 0.00 0.00
1437.0 878.0 0.00 0.00
1568.0 901.0 0.00 0.00
92.0 642.0 0.00 0.00
1298.0 703.0 0.00 0.00
1314.0 724.0 0.00 0.00
78.0 879.0 0.00 0.00
613.0 712.0 0.00 0.00
868.0 810.0 0.00 0.00
157.0 625.0 0.00 0.00
938.0 509.0 0.00 0.00
1239.0 786.0 0.00 0.00
158.0 666.0 0.00 0.00
616.0 1188.0 0.00 0.00
251.0 705.0 0.00 0.00
638.0 887.0 0.00 0.00
178.0 961.0 0.00 0.00
465.0 675.0 0.00 0.00
1194.0 745.0 0.00 0.00
17.0 971.0 0.00 0.00
209.0 675.0 0.00 0.00
866.0 925.0 0.00 0.00
195.0 960.0 0.00 0.00
652.0 765.0 0.00 0.00
1310.0 653.0 0.00 0.00
1128.0 767.0 0.00 0.00
1093.0 457.0 0.00 0.00
809.0 624.0 0.00 0.00
1383.0 877.0 0.00 0.00
966.0 520.0 0.00 0.00
376.0 990.0 0.00 0.00
24.0 742.0 0.00 0.00
839.0 978.0 0.00 0.00
361.0 631.0 0.00 0.00
72.0 583.0 0.00 0.00
592.0 821.0 0.00 0.00
841.0 630.0 0.00 0.00
577.0 748.0 0.00 0.00
1149.0 322.0 0.00 0.00
557.0 759.0 0.00 0.00
818.0 979.0 0.00 0.00
295.0 632.0 0.00 0.00
859.0 993.0 0.00 0.00
78.0 686.0 0.00 0.00
1499.0 584.0 0.00 0.00
1268.0 598.0 0.00 0.00
778.0 777.0 0.00 0.00
453.0 922.0 0.00 0.00
767.0 775.0 0.00 0.00
625.0 643.0 0.00 0.00
868.0 590.0 0.00 0.00
824.0 618.0 0.00 0.00
903.0 414.0 0.00 0.00
1181.0 493.0 0.00 0.00
708.0 951.0 0.00 0.00
1442.0 326.0 0.00 0.00
963.0 467.0 0.00 0.00
461.0 657.0 0.00 0.00
183.0 614.0 0.00 0.00
257.0 796.0 0.00 0.00
272.0 849.0 0.00 0.00
1115.0 753.0 0.00 0.00
1712.0 810.0 0.00 0.00
204.0 690.0 0.00 0.00
1135.0 485.0 0.00 0.00
1119.0 493.0 0.00 0.00
1334.0 877.0 0.00 0.00
642.0 635.0 0.00 0.00
108.0 574.0 0.00 0.00
1417.0 310.0 0.00 0.00
1389.0 312.0 0.00 0.00
336.0 772.0 0.00 0.00
1212.0 539.0 0.00 0.00
172.0 788.0 0.00 0.00
1343.0 779.0 0.00 0.00
1677.0 492.0 0.00 0.00
71.0 745.0 0.00 0.00
42.0 868.0 0.00 0.00
792.0 320.0 0.00 0.00
839.0 594.0 0.00 0.00
163.0 913.0 0.00 0.00
156.0 613.0 0.00 0.00
788.0 776.0 0.00 0.00
1012.0 508.0 0.00 0.00
1302.0 443.0 0.00 0.00
528.0 899.0 0.00 0.00
818.0 752.0 0.00 0.00
1113.0 323.0 0.00 0.00
346.0 808.0 0.00 0.00
1506.0 550.0 0.00 0.00
1186.0 323.0 0.00 0.00
58.0 570.0 0.00 0.00
451.0 974.0 0.00 0.00
1263.0 634.0 0.00 0.00
715.0 425.0 0.00 0.00
191.0 759.0 0.00 0.00
286.0 648.0 0.00 0.00
408.0 624.0 0.00 0.00
268.0 741.0 0.00 0.00
108.0 661.0 0.00 0.00
593.0 947.0 0.00 0.00
622.0 489.0 0.00 0.00
250.0 941.0 0.00 0.00
1191.0 524.0 0.00 0.00
184.0 929.0 0.00 0.00
1317.0 763.0 0.00 0.00
1310.0 696.0 0.00 0.00
916.0 968.0 0.00 0.00
756.0 775.0 0.00 0.00
1296.0 783.0 0.00 0.00
500.0 639.0 0.00 0.00
541.0 627.0 0.00 0.00
60.0 792.0 0.00 0.00
1367.0 875.0 0.00 0.00
1160.0 495.0 0.00 0.00
1664.0 493.0 0.00 0.00
894.0 509.0 0.00 0.00
1232.0 556.0 0.00 0.00
303.0 687.0 0.00 0.00
379.0 914.0 0.00 0.00
1764.0 986.0 0.00 0.00
20.0 791.0 0.00 0.00
509.0 981.0 0.00 0.00
1433.0 955.0 0.00 0.00
23.0 910.0 0.00 0.00
663.0 633.0 0.00 0.00
303.0 678.0 0.00 0.00
1368.0 905.0 0.00 0.00
1364.0 795.0 0.00 0.00
9.0 756.0 0.00 0.00
1422.0 941.0 0.00 0.00
341.0 838.0 0.00 0.00
256.0 838.0 0.00 0.00
390.0 746.0 0.00 0.00
1282.0 621.0 0.00 0.00
630.0 732.0 0.00 0.00
476.0 822.0 0.00 0.00
915.0 521.0 0.00 0.00
176.0 656.0 0.00 0.00
1467.0 329.0 0.00 0.00
892.0 537.0 0.00 0.00
967.0 679.0 0.00 0.00
346.0 632.0 0.00 0.00
322.0 710.0 0.00 0.00
854.0 573.0 0.00 0.00
1325.0 709.0 0.00 0.00
72.0 778.0 0.00 0.00
787.0 731.0 0.00 0.00
1033.0 679.0 0.00 0.00
1081.0 474.0 0.00 0.00
797.0 693.0 0.00 0.00
1230.0 856.0 0.00 0.00
838.0 852.0 0.00 0.00
135.0 803.0 0.00 0.00
529.0 616.0 0.00 0.00
162.0 786.0 0.00 0.00
884.0 572.0 0.00 0.00
1303.0 670.0 0.00 0.00
435.0 617.0 0.00 0.00
1128.0 753.0 0.00 0.00
208.0 643.0 0.00 0.00
1221.0 904.0 0.00 0.00
575.0 964.0 0.00 0.00
640.0 726.0 0.00 0.00
330.0 978.0 0.00 0.00
922.0 542.0 0.00 0.00
1320.0 781.0 0.00 0.00
819.0 995.0 0.00 0.00
1309.0 364.0 0.00 0.00
283.0 627.0 0.00 0.00
649.0 683.0 0.00 0.00
502.0 753.0 0.00 0.00
1713.0 844.0 0.00 0.00
688.0 573.0 0.00 0.00
1646.0 596.0 0.00 0.00
82.0 661.0 0.00 0.00
692.0 318.0 0.00 0.00
401.0 766.0 0.00 0.00
91.0 717.0 0.00 0.00
1279.0 499.0 0.00 0.00
446.0 747.0 0.00 0.00
229.0 817.0 0.00 0.00
1387.0 955.0 0.00 0.00
535.0 993.0 0.00 0.00
702.0 760.0 0.00 0.00
543.0 946.0 0.00 0.00
581.0 822.0 0.00 0.00
1315.0 618.0 0.00 0.00
475.0 882.0 0.00 0.00
112.0 637.0 0.00 0.00
231.0 739.0 0.00 0.00
1301.0 730.0 0.00 0.00
926.0 482.0 0.00 0.00
62.0 882.0 0.00 0.00
181.0 880.0 0.00 0.00
134.0 655.0 0.00 0.00
437.0 759.0 0.00 0.00
144.0 749.0 0.00 0.00
1337.0 752.0 0.00 0.00
1264.0 611.0 0.00 0.00
563.0 643.0 0.00 0.00
1176.0 721.0 0.00 0.00
869.0 783.0 0.00 0.00
896.0 916.0 0.00 0.00
644.0 980.0 0.00 0.00
1231.0 538.0 0.00 0.00
1136.0 733.0 0.00 0.00
1290.0 727.0 0.00 0.00
192.0 851.0 0.00 0.00
709.0 965.0 0.00 0.00
495.0 737.0 0.00 0.00
818.0 574.0 0.00 0.00
405.0 633.0 0.00 0.00
1307.0 783.0 0.00 0.00
795.0 630.0 0.00 0.00
605.0 733.0 0.00 0.00
63.0 686.0 0.00 0.00
362.0 621.0 0.00 0.00
1428.0 329.0 0.00 0.00
270.0 690.0 0.00 0.00
1251.0 558.0 0.00 0.00
1063.0 506.0 0.00 0.00
560.0 672.0 0.00 0.00
374.0 641.0 0.00 0.00
1758.0 944.0 0.00 0.00
875.0 948.0 0.00 0.00
315.0 687.0 0.00 0.00
117.0 701.0 0.00 0.00
581.0 788.0 0.00 0.00
1244.0 758.0 0.00 0.00
1144.0 501.0 0.00 0.00
819.0 780.0 0.00 0.00
818.0 873.0 0.00 0.00
839.0 781.0 0.00 0.00
187.0 666.0 0.00 0.00
588.0 725.0 0.00 0.00
1282.0 680.0 0.00 0.00
25.0 758.0 0.00 0.00
1284.0 783.0 0.00 0.00
858.0 765.0 0.00 0.00
167.0 613.0 0.00 0.00
794.0 720.0 0.00 0.00
467.0 742.0 0.00 0.00
809.0 778.0 0.00 0.00
618.0 651.0 0.00 0.00
571.0 850.0 0.00 0.00
112.0 620.0 0.00 0.00
376.0 955.0 0.00 0.00
797.0 979.0 0.00 0.00
1063.0 312.0 0.00 0.00
1441.0 506.0 0.00 0.00
1200.0 558.0 0.00 0.00
1365.0 827.0 0.00 0.00
1273.0 656.0 0.00 0.00
663.0 647.0 0.00 0.00
798.0 778.0 0.00 0.00
781.0 320.0 0.00 0.00
375.0 716.0 0.00 0.00
829.0 320.0 0.00 0.00
603.0 746.0 0.00 0.00
100.0 629.0 0.00 0.00
105.0 700.0 0.00 0.00
1265.0 546.0 0.00 0.00
867.0 901.0 0.00 0.00
29.0 858.0 0.00 0.00
9.0 768.0 0.00 0.00
390.0 632.0 0.00 0.00
620.0 913.0 0.00 0.00
873.0 553.0 0.00 0.00
1020.0 495.0 0.00 0.00
83.0 821.0 0.00 0.00
178.0 801.0 0.00 0.00
423.0 616.0 0.00 0.00
1258.0 322.0 0.00 0.00
441.0 679.0 0.00 0.00
294.0 840.0 0.00 0.00
1355.0 780.0 0.00 0.00
47.0 673.0 0.00 0.00
1281.0 640.0 0.00 0.00
238.0 714.0 0.00 0.00
326.0 950.0 0.00 0.00
1013.0 487.0 0.00 0.00
644.0 950.0 0.00 0.00
190.0 651.0 0.00 0.00
518.0 993.0 0.00 0.00
1456.0 343.0 0.00 0.00
546.0 806.0 0.00 0.00
346.0 651.0 0.00 0.00
273.0 678.0 0.00 0.00
256.0 659.0 0.00 0.00
596.0 736.0 0.00 0.00
556.0 616.0 0.00 0.00
211.0 787.0 0.00 0.00
1158.0 531.0 0.00 0.00
414.0 646.0 0.00 0.00
616.0 866.0 0.00 0.00
283.0 795.0 0.00 0.00
792.0 508.0 0.00 0.00
1686.0 807.0 0.00 0.00
837.0 764.0 0.00 0.00
533.0 841.0 0.00 0.00
1555.0 930.0 0.00 0.00
1605.0 583.0 0.00 0.00
812.0 642.0 0.00 0.00
90.0 764.0 0.00 0.00
73.0 733.0 0.00 0.00
706.0 900.0 0.00 0.00
1319.0 626.0 0.00 0.00
1245.0 769.0 0.00 0.00
75.0 931.0 0.00 0.00
488.0 616.0 0.00 0.00
1190.0 904.0 0.00 0.00
196.0 911.0 0.00 0.00
1167.0 485.0 0.00 0.00
1597.0 954.0 0.00 0.00
475.0 837.0 0.00 0.00
1284.0 741.0 0.00 0.00
1168.0 511.0 0.00 0.00
1500.0 473.0 0.00 0.00
498.0 964.0 0.00 0.00
1650.0 871.0 0.00 0.00
1222.0 771.0 0.00 0.00
1473.0 473.0 0.00 0.00
868.0 691.0 0.00 0.00
823.0 676.0 0.00 0.00
1129.0 506.0 0.00 0.00
212.0 920.0 0.00 0.00
450.0 798.0 0.00 0.00
878.0 757.0 0.00 0.00
480.0 961.0 0.00 0.00
1466.0 610.0 0.00 0.00
1700.0 958.0 0.00 0.00
880.0 977.0 0.00 0.00
674.0 979.0 0.00 0.00
1168.0 524.0 0.00 0.00
1384.0 932.0 0.00 0.00
736.0 731.0 0.00 0.00
424.0 634.0 0.00 0.00
474.0 623.0 0.00 0.00
859.0 978.0 0.00 0.00
668.0 304.0 0.00 0.00
644.0 737.0 0.00 0.00
109.0 898.0 0.00 0.00
254.0 689.0 0.00 0.00
461.0 798.0 0.00 0.00
1261.0 786.0 0.00 0.00
181.0 756.0 0.00 0.00
1433.0 942.0 0.00 0.00
528.0 669.0 0.00 0.00
1301.0 595.0 0.00 0.00
275.0 664.0 0.00 0.00
420.0 657.0 0.00 0.00
1609.0 902.0 0.00 0.00
574.0 775.0 0.00 0.00
1568.0 634.0 0.00 0.00
600.0 643.0 0.00 0.00
1560.0 959.0 0.00 0.00
127.0 727.0 0.00 0.00
988.0 513.0 0.00 0.00
1758.0 807.0 0.00 0.00
1236.0 573.0 0.00 0.00
926.0 1189.0 0.00 0.00
995.0 690.0 0.00 0.00
1567.0 872.0 0.00 0.00
859.0 782.0 0.00 0.00
1180.0 543.0 0.00 0.00
550.0 742.0 0.00 0.00
352.0 675.0 0.00 0.00
920.0 504.0 0.00 0.00
1741.0 810.0 0.00 0.00
882.0 518.0 0.00 0.00
1297.0 686.0 0.00 0.00
569.0 734.0 0.00 0.00
75.0 630.0 0.00 0.00
617.0 617.0 0.00 0.00
1311.0 610.0 0.00 0.00
980.0 765.0 0.00 0.00
1128.0 779.0 0.00 0.00
1306.0 602.0 0.00 0.00
1344.0 711.0 0.00 0.00
555.0 948.0 0.00 0.00
355.0 774.0 0.00 0.00
945.0 493.0 0.00 0.00
997.0 477.0 0.00 0.00
1754.0 820.0 0.00 0.00
1219.0 574.0 0.00 0.00
1555.0 635.0 0.00 0.00
798.0 760.0 0.00 0.00
634.0 1187.0 0.00 0.00
212.0 653.0 0.00 0.00
690.0 760.0 0.00 0.00
223.0 799.0 0.00 0.00
1135.0 521.0 0.00 0.00
1112.0 514.0 0.00 0.00
1383.0 906.0 0.00 0.00
413.0 726.0 0.00 0.00
25.0 896.0 0.00 0.00
1265.0 757.0 0.00 0.00
136.0 613.0 0.00 0.00
625.0 409.0 0.00 0.00
548.0 791.0 0.00 0.00
818.0 852.0 0.00 0.00
81.0 831.0 0.00 0.00
798.0 869.0 0.00 0.00
332.0 677.0 0.00 0.00
331.0 808.0 0.00 0.00
1466.0 360.0 0.00 0.00
1535.0 929.0 0.00 0.00
1759.0 536.0 0.00 0.00
627.0 356.0 0.00 0.00
1589.0 552.0 0.00 0.00
599.0 617.0 0.00 0.00
42.0 728.0 0.00 0.00
1294.0 646.0 0.00 0.00
553.0 912.0 0.00 0.00
104.0 587.0 0.00 0.00
623.0 632.0 0.00 0.00
360.0 656.0 0.00 0.00
1778.0 994.0 0.00 0.00
1750.0 841.0 0.00 0.00
1067.0 484.0 0.00 0.00
1471.0 534.0 0.00 0.00
130.0 817.0 0.00 0.00
21.0 633.0 0.00 0.00
174.0 665.0 0.00 0.00
1444.0 361.0 0.00 0.00
475.0 993.0 0.00 0.00
1679.0 996.0 0.00 0.00
1099.0 733.0 0.00 0.00
1181.0 485.0 0.00 0.00
544.0 691.0 0.00 0.00
238.0 698.0 0.00 0.00
1287.0 703.0 0.00 0.00
1076.0 323.0 0.00 0.00
455.0 889.0 0.00 0.00
1247.0 313.0 0.00 0.00
929.0 322.0 0.00 0.00
577.0 678.0 0.00 0.00
1183.0 928.0 0.00 0.00
840.0 557.0 0.00 0.00
1347.0 878.0 0.00 0.00
662.0 995.0 0.00 0.00
610.0 763.0 0.00 0.00
206.0 614.0 0.00 0.00
1251.0 576.0 0.00 0.00
1077.0 365.0 0.00 0.00
621.0 832.0 0.00 0.00
888.0 552.0 0.00 0.00
891.0 321.0 0.00 0.00
1543.0 530.0 0.00 0.00
145.0 856.0 0.00 0.00
1014.0 691.0 0.00 0.00
151.0 759.0 0.00 0.00
1702.0 986.0 0.00 0.00
475.0 768.0 0.00 0.00
75.0 911.0 0.00 0.00
14.0 996.0 0.00 0.00
147.0 969.0 0.00 0.00
332.0 788.0 0.00 0.00
321.0 935.0 0.00 0.00
1218.0 951.0 0.00 0.00
361.0 674.0 0.00 0.00
604.0 915.0 0.00 0.00
992.0 766.0 0.00 0.00
492.0 977.0 0.00 0.00
608.0 725.0 0.00 0.00
872.0 515.0 0.00 0.00
515.0 643.0 0.00 0.00
381.0 890.0 0.00 0.00
898.0 719.0 0.00 0.00
1355.0 762.0 0.00 0.00
92.0 700.0 0.00 0.00
17.0 956.0 0.00 0.00
1235.0 593.0 0.00 0.00
856.0 540.0 0.00 0.00
782.0 666.0 0.00 0.00
341.0 752.0 0.00 0.00
1729.0 843.0 0.00 0.00
76.0 897.0 0.00 0.00
1070.0 495.0 0.00 0.00
757.0 317.0 0.00 0.00
777.0 749.0 0.00 0.00
770.0 310.0 0.00 0.00
796.0 926.0 0.00 0.00
818.0 901.0 0.00 0.00
241.0 852.0 0.00 0.00
302.0 625.0 0.00 0.00
1421.0 954.0 0.00 0.00
1315.0 996.0 0.00 0.00
592.0 709.0 0.00 0.00
1079.0 761.0 0.00 0.00
1484.0 867.0 0.00 0.00
1152.0 515.0 0.00 0.00
1247.0 994.0 0.00 0.00
902.0 556.0 0.00 0.00
1332.0 660.0 0.00 0.00
541.0 641.0 0.00 0.00
199.0 756.0 0.00 0.00
1313.0 957.0 0.00 0.00
556.0 726.0 0.00 0.00
1653.0 571.0 0.00 0.00
1700.0 790.0 0.00 0.00
1724.0 998.0 0.00 0.00
474.0 693.0 0.00 0.00
598.0 850.0 0.00 0.00
234.0 893.0 0.00 0.00
706.0 821.0 0.00 0.00
339.0 729.0 0.00 0.00
238.0 797.0 0.00 0.00
44.0 818.0 0.00 0.00
1037.0 506.0 0.00 0.00
1114.0 710.0 0.00 0.00
197.0 669.0 0.00 0.00
214.0 770.0 0.00 0.00
155.0 724.0 0.00 0.00
1310.0 856.0 0.00 0.00
1573.0 584.0 0.00 0.00
980.0 731.0 0.00 0.00
1269.0 995.0 0.00 0.00
544.0 931.0 0.00 0.00
374.0 797.0 0.00 0.00
221.0 783.0 0.00 0.00
1647.0 843.0 0.00 0.00
735.0 848.0 0.00 0.00
1127.0 692.0 0.00 0.00
378.0 654.0 0.00 0.00
1553.0 903.0 0.00 0.00
82.0 646.0 0.00 0.00
1337.0 955.0 0.00 0.00
135.0 789.0 0.00 0.00
46.0 937.0 0.00 0.00
499.0 903.0 0.00 0.00
266.0 729.0 0.00 0.00
848.0 738.0 0.00 0.00
1338.0 680.0 0.00 0.00
512.0 869.0 0.00 0.00
140.0 672.0 0.00 0.00
1760.0 965.0 0.00 0.00
161.0 714.0 0.00 0.00
670.0 390.0 0.00 0.00
1298.0 855.0 0.00 0.00
597.0 688.0 0.00 0.00
1556.0 714.0 0.00 0.00
933.0 478.0 0.00 0.00
1315.0 638.0 0.00 0.00
20.0 938.0 0.00 0.00
1785.0 930.0 0.00 0.00
606.0 652.0 0.00 0.00
398.0 758.0 0.00 0.00
620.0 671.0 0.00 0.00
1679.0 950.0 0.00 0.00
592.0 775.0 0.00 0.00
637.0 367.0 0.00 0.00
463.0 975.0 0.00 0.00
566.0 743.0 0.00 0.00
107.0 932.0 0.00 0.00
291.0 704.0 0.00 0.00
431.0 768.0 0.00 0.00
885.0 915.0 0.00 0.00
1323.0 364.0 0.00 0.00
189.0 896.0 0.00 0.00
1756.0 925.0 0.00 0.00
208.0 723.0 0.00 0.00
800.0 377.0 0.00 0.00
623.0 931.0 0.00 0.00
753.0 949.0 0.00 0.00
419.0 714.0 0.00 0.00
247.0 630.0 0.00 0.00
817.0 949.0 0.00 0.00
477.0 788.0 0.00 0.00
1290.0 995.0 0.00 0.00
1773.0 978.0 0.00 0.00
106.0 918.0 0.00 0.00
817.0 321.0 0.00 0.00
550.0 982.0 0.00 0.00
646.0 913.0 0.00 0.00
652.0 351.0 0.00 0.00
1265.0 364.0 0.00 0.00
204.0 708.0 0.00 0.00
785.0 925.0 0.00 0.00
594.0 675.0 0.00 0.00
1205.0 904.0 0.00 0.00
380.0 787.0 0.00 0.00
949.0 473.0 0.00 0.00
1737.0 702.0 0.00 0.00
1100.0 312.0 0.00 0.00
775.0 948.0 0.00 0.00
155.0 880.0 0.00 0.00
219.0 811.0 0.00 0.00
30.0 843.0 0.00 0.00
798.0 995.0 0.00 0.00
1153.0 989.0 0.00 0.00
1674.0 902.0 0.00 0.00
1399.0 315.0 0.00 0.00
793.0 525.0 0.00 0.00
867.0 571.0 0.00 0.00
218.0 721.0 0.00 0.00
1306.0 739.0 0.00 0.00
116.0 802.0 0.00 0.00
1250.0 612.0 0.00 0.00
1207.0 364.0 0.00 0.00
1462.0 956.0 0.00 0.00
1195.0 500.0 0.00 0.00
297.0 895.0 0.00 0.00
100.0 647.0 0.00 0.00
1574.0 612.0 0.00 0.00
1626.0 956.0 0.00 0.00
760.0 573.0 0.00 0.00
11.0 743.0 0.00 0.00
286.0 1182.0 0.00 0.00
857.0 755.0 0.00 0.00
1385.0 986.0 0.00 0.00
590.0 617.0 0.00 0.00
562.0 715.0 0.00 0.00
177.0 844.0 0.00 0.00
1593.0 538.0 0.00 0.00
1722.0 791.0 0.00 0.00
264.0 880.0 0.00 0.00
195.0 814.0 0.00 0.00
706.0 803.0 0.00 0.00
114.0 863.0 0.00 0.00
837.0 993.0 0.00 0.00
1000.0 679.0 0.00 0.00
421.0 773.0 0.00 0.00
122.0 783.0 0.00 0.00
177.0 910.0 0.00 0.00
556.0 993.0 0.00 0.00
196.0 882.0 0.00 0.00
1752.0 604.0 0.00 0.00
1339.0 761.0 0.00 0.00
806.0 913.0 0.00 0.00
190.0 705.0 0.00 0.00
1451.0 329.0 0.00 0.00
831.0 736.0 0.00 0.00
431.0 777.0 0.00 0.00
1661.0 903.0 0.00 0.00
1157.0 474.0 0.00 0.00
59.0 553.0 0.00 0.00
517.0 624.0 0.00 0.00
79.0 676.0 0.00 0.00
457.0 616.0 0.00 0.00
889.0 885.0 0.00 0.00
1096.0 693.0 0.00 0.00
93.0 896.0 0.00 0.00
1040.0 484.0 0.00 0.00
543.0 911.0 0.00 0.00
1267.0 715.0 0.00 0.00
1046.0 990.0 0.00 0.00
771.0 960.0 0.00 0.00
240.0 663.0 0.00 0.00
201.0 652.0 0.00 0.00
682.0 684.0 0.00 0.00
27.0 587.0 0.00 0.00
1657.0 957.0 0.00 0.00
1742.0 987.0 0.00 0.00
283.0 917.0 0.00 0.00
362.0 915.0 0.00 0.00
464.0 957.0 0.00 0.00
866.0 321.0 0.00 0.00
896.0 904.0 0.00 0.00
1267.0 980.0 0.00 0.00
235.0 944.0 0.00 0.00
221.0 974.0 0.00 0.00
69.0 941.0 0.00 0.00
64.0 831.0 0.00 0.00
35.0 792.0 0.00 0.00
500.0 651.0 0.00 0.00
1363.0 775.0 0.00 0.00
153.0 807.0 0.00 0.00
599.0 722.0 0.00 0.00
630.0 818.0 0.00 0.00
405.0 746.0 0.00 0.00
1057.0 495.0 0.00 0.00
1269.0 740.0 0.00 0.00
215.0 733.0 0.00 0.00
307.0 874.0 0.00 0.00
299.0 993.0 0.00 0.00
966.0 322.0 0.00 0.00
258.0 667.0 0.00 0.00
1128.0 832.0 0.00 0.00
1187.0 695.0 0.00 0.00
289.0 614.0 0.00 0.00
739.0 310.0 0.00 0.00
715.0 307.0 0.00 0.00
93.0 688.0 0.00 0.00
253.0 740.0 0.00 0.00
797.0 881.0 0.00 0.00
531.0 820.0 0.00 0.00
98.0 661.0 0.00 0.00
500.0 922.0 0.00 0.00
357.0 758.0 0.00 0.00
776.0 979.0 0.00 0.00
652.0 970.0 0.00 0.00
773.0 996.0 0.00 0.00
198.0 721.0 0.00 0.00
1632.0 903.0 0.00 0.00
1291.0 981.0 0.00 0.00
568.0 818.0 0.00 0.00
875.0 967.0 0.00 0.00
1461.0 978.0 0.00 0.00
180.0 783.0 0.00 0.00
1147.0 382.0 0.00 0.00
941.0 475.0 0.00 0.00
56.0 767.0 0.00 0.00
1541.0 611.0 0.00 0.00
760.0 599.0 0.00 0.00
204.0 628.0 0.00 0.00
1501.0 610.0 0.00 0.00
580.0 807.0 0.00 0.00
200.0 699.0 0.00 0.00
1228.0 788.0 0.00 0.00
55.0 696.0 0.00 0.00
184.0 734.0 0.00 0.00
61.0 674.0 0.00 0.00
1354.0 996.0 0.00 0.00
606.0 832.0 0.00 0.00
96.0 679.0 0.00 0.00
1754.0 771.0 0.00 0.00
1081.0 693.0 0.00 0.00
842.0 544.0 0.00 0.00
1765.0 944.0 0.00 0.00
245.0 863.0 0.00 0.00
335.0 691.0 0.00 0.00
586.0 700.0 0.00 0.00
213.0 945.0 0.00 0.00
480.0 870.0 0.00 0.00
127.0 859.0 0.00 0.00
1659.0 973.0 0.00 0.00
229.0 652.0 0.00 0.00
1420.0 379.0 0.00 0.00
1225.0 511.0 0.00 0.00
854.0 609.0 0.00 0.00
52.0 630.0 0.00 0.00
1772.0 591.0 0.00 0.00
397.0 778.0 0.00 0.00
1116.0 767.0 0.00 0.00
565.0 617.0 0.00 0.00
200.0 930.0 0.00 0.00
1349.0 328.0 0.00 0.00
498.0 847.0 0.00 0.00
1006.0 465.0 0.00 0.00
57.0 756.0 0.00 0.00
379.0 758.0 0.00 0.00
639.0 899.0 0.00 0.00
318.0 972.0 0.00 0.00
107.0 737.0 0.00 0.00
899.0 886.0 0.00 0.00
1319.0 314.0 0.00 0.00
834.0 970.0 0.00 0.00
88.0 808.0 0.00 0.00
350.0 786.0 0.00 0.00
1566.0 506.0 0.00 0.00
306.0 942.0 0.00 0.00
827.0 686.0 0.00 0.00
823.0 710.0 0.00 0.00
1525.0 900.0 0.00 0.00
947.0 514.0 0.00 0.00
268.0 794.0 0.00 0.00
487.0 890.0 0.00 0.00
256.0 975.0 0.00 0.00
264.0 640.0 0.00 0.00
817.0 699.0 0.00 0.00
928.0 524.0 0.00 0.00
364.0 851.0 0.00 0.00
41.0 614.0 0.00 0.00
1012.0 377.0 0.00 0.00
136.0 863.0 0.00 0.00
264.0 617.0 0.00 0.00
1406.0 324.0 0.00 0.00
458.0 820.0 0.00 0.00
577.0 720.0 0.00 0.00
627.0 809.0 0.00 0.00
404.0 728.0 0.00 0.00
1665.0 791.0 0.00 0.00
349.0 972.0 0.00 0.00
471.0 648.0 0.00 0.00
1174.0 488.0 0.00 0.00
779.0 760.0 0.00 0.00
9.0 882.0 0.00 0.00
916.0 852.0 0.00 0.00
1329.0 652.0 0.00 0.00
957.0 512.0 0.00 0.00
1117.0 470.0 0.00 0.00
72.0 763.0 0.00 0.00
973.0 504.0 0.00 0.00
501.0 669.0 0.00 0.00
509.0 727.0 0.00 0.00
701.0 773.0 0.00 0.00
1249.0 364.0 0.00 0.00
1096.0 681.0 0.00 0.00
1248.0 530.0 0.00 0.00
800.0 602.0 0.00 0.00
722.0 607.0 0.00 0.00
344.0 742.0 0.00 0.00
1405.0 419.0 0.00 0.00
148.0 775.0 0.00 0.00
620.0 537.0 0.00 0.00
458.0 851.0 0.00 0.00
265.0 837.0 0.00 0.00
50.0 644.0 0.00 0.00
1048.0 960.0 0.00 0.00
946.0 987.0 0.00 0.00
41.0 858.0 0.00 0.00
690.0 772.0 0.00 0.00
1212.0 980.0 0.00 0.00
563.0 773.0 0.00 0.00
356.0 642.0 0.00 0.00
591.0 659.0 0.00 0.00
528.0 975.0 0.00 0.00
1244.0 954.0 0.00 0.00
1331.0 321.0 0.00 0.00
404.0 615.0 0.00 0.00
756.0 748.0 0.00 0.00
183.0 698.0 0.00 0.00
1211.0 552.0 0.00 0.00
855.0 322.0 0.00 0.00
1625.0 608.0 0.00 0.00
940.0 622.0 0.00 0.00
1778.0 571.0 0.00 0.00
59.0 804.0 0.00 0.00
1363.0 684.0 0.00 0.00
1104.0 500.0 0.00 0.00
1136.0 312.0 0.00 0.00
815.0 724.0 0.00 0.00
776.0 903.0 0.00 0.00
1246.0 742.0 0.00 0.00
359.0 958.0 0.00 0.00
562.0 682.0 0.00 0.00
916.0 311.0 0.00 0.00
355.0 992.0 0.00 0.00
1096.0 761.0 0.00 0.00
615.0 776.0 0.00 0.00
1085.0 456.0 0.00 0.00
1114.0 779.0 0.00 0.00
275.0 644.0 0.00 0.00
836.0 612.0 0.00 0.00
328.0 615.0 0.00 0.00
1284.0 314.0 0.00 0.00
649.0 752.0 0.00 0.00
160.0 931.0 0.00 0.00
837.0 926.0 0.00 0.00
582.0 835.0 0.00 0.00
858.0 917.0 0.00 0.00
485.0 638.0 0.00 0.00
1725.0 747.0 0.00 0.00
144.0 639.0 0.00 0.00
985.0 492.0 0.00 0.00
1474.0 566.0 0.00 0.00
1232.0 992.0 0.00 0.00
880.0 510.0 0.00 0.00
906.0 493.0 0.00 0.00
917.0 872.0 0.00 0.00
111.0 719.0 0.00 0.00
225.0 882.0 0.00 0.00
1078.0 894.0 0.00 0.00
959.0 364.0 0.00 0.00
919.0 485.0 0.00 0.00
558.0 802.0 0.00 0.00
624.0 430.0 0.00 0.00
1178.0 993.0 0.00 0.00
1769.0 791.0 0.00 0.00
649.0 809.0 0.00 0.00
1763.0 995.0 0.00 0.00
1002.0 323.0 0.00 0.00
1188.0 489.0 0.00 0.00
1199.0 542.0 0.00 0.00
309.0 615.0 0.00 0.00
854.0 532.0 0.00 0.00
472.0 754.0 0.00 0.00
340.0 933.0 0.00 0.00
1209.0 437.0 0.00 0.00
1755.0 790.0 0.00 0.00
1129.0 377.0 0.00 0.00
564.0 944.0 0.00 0.00
514.0 656.0 0.00 0.00
230.0 768.0 0.00 0.00
1405.0 571.0 0.00 0.00
569.0 894.0 0.00 0.00
605.0 661.0 0.00 0.00
1350.0 957.0 0.00 0.00
179.0 813.0 0.00 0.00
492.0 729.0 0.00 0.00
856.0 950.0 0.00 0.00
1589.0 507.0 0.00 0.00
115.0 813.0 0.00 0.00
1192.0 364.0 0.00 0.00
719.0 658.0 0.00 0.00
1620.0 505.0 0.00 0.00
532.0 739.0 0.00 0.00
436.0 747.0 0.00 0.00
101.0 1152.0 0.00 0.00
1218.0 514.0 0.00 0.00
934.0 487.0 0.00 0.00
638.0 929.0 0.00 0.00
136.0 709.0 0.00 0.00
1359.0 313.0 0.00 0.00
17.0 779.0 0.00 0.00
1218.0 745.0 0.00 0.00
671.0 319.0 0.00 0.00
1436.0 415.0 0.00 0.00
300.0 653.0 0.00 0.00
623.0 477.0 0.00 0.00
327.0 720.0 0.00 0.00
85.0 783.0 0.00 0.00
1545.0 751.0 0.00 0.00
552.0 958.0 0.00 0.00
524.0 936.0 0.00 0.00
498.0 830.0 0.00 0.00
1205.0 926.0 0.00 0.00
496.0 624.0 0.00 0.00
1454.0 752.0 0.00 0.00
288.0 961.0 0.00 0.00
166.0 845.0 0.00 0.00
854.0 969.0 0.00 0.00
694.0 306.0 0.00 0.00
506.0 897.0 0.00 0.00
1631.0 662.0 0.00 0.00
749.0 620.0 0.00 0.00
105.0 608.0 0.00 0.00
1149.0 470.0 0.00 0.00
361.0 749.0 0.00 0.00
371.0 631.0 0.00 0.00
37.0 767.0 0.00 0.00
448.0 992.0 0.00 0.00
797.0 610.0 0.00 0.00
879.0 311.0 0.00 0.00
1709.0 604.0 0.00 0.00
1745.0 605.0 0.00 0.00
1386.0 998.0 0.00 0.00
389.0 758.0 0.00 0.00
468.0 919.0 0.00 0.00
1639.0 737.0 0.00 0.00
180.0 705.0 0.00 0.00
203.0 732.0 0.00 0.00
27.0 869.0 0.00 0.00
317.0 869.0 0.00 0.00
997.0 498.0 0.00 0.00
514.0 669.0 0.00 0.00
199.0 972.0 0.00 0.00
17.0 868.0 0.00 0.00
1059.0 642.0 0.00 0.00
1314.0 981.0 0.00 0.00
1668.0 506.0 0.00 0.00
1618.0 810.0 0.00 0.00
806.0 327.0 0.00 0.00
1079.0 925.0 0.00 0.00
1673.0 890.0 0.00 0.00
425.0 726.0 0.00 0.00
363.0 732.0 0.00 0.00
584.0 912.0 0.00 0.00
491.0 786.0 0.00 0.00
476.0 852.0 0.00 0.00
1173.0 313.0 0.00 0.00
413.0 734.0 0.00 0.00
998.0 411.0 0.00 0.00
917.0 752.0 0.00 0.00
475.0 683.0 0.00 0.00
1599.0 560.0 0.00 0.00
183.0 973.0 0.00 0.00
265.0 653.0 0.00 0.00
19.0 657.0 0.00 0.00
187.0 714.0 0.00 0.00
364.0 818.0 0.00 0.00
1731.0 828.0 0.00 0.00
1448.0 986.0 0.00 0.00
996.0 758.0 0.00 0.00
46.0 694.0 0.00 0.00
814.0 660.0 0.00 0.00
456.0 729.0 0.00 0.00
452.0 945.0 0.00 0.00
654.0 950.0 0.00 0.00
1744.0 996.0 0.00 0.00
154.0 632.0 0.00 0.00
619.0 852.0 0.00 0.00
1200.0 786.0 0.00 0.00
1776.0 508.0 0.00 0.00
1458.0 905.0 0.00 0.00
978.0 463.0 0.00 0.00
1159.0 855.0 0.00 0.00
84.0 555.0 0.00 0.00
355.0 745.0 0.00 0.00
159.0 676.0 0.00 0.00
983.0 751.0 0.00 0.00
1705.0 536.0 0.00 0.00
162.0 894.0 0.00 0.00
1289.0 755.0 0.00 0.00
1758.0 473.0 0.00 0.00
246.0 907.0 0.00 0.00
1242.0 980.0 0.00 0.00
1327.0 737.0 0.00 0.00
1341.0 998.0 0.00 0.00
76.0 709.0 0.00 0.00
1655.0 930.0 0.00 0.00
574.0 761.0 0.00 0.00
271.0 775.0 0.00 0.00
167.0 800.0 0.00 0.00
709.0 848.0 0.00 0.00
8.0 924.0 0.00 0.00
1335.0 568.0 0.00 0.00
220.0 896.0 0.00 0.00
1165.0 477.0 0.00 0.00
1246.0 379.0 0.00 0.00
295.0 978.0 0.00 0.00
806.0 310.0 0.00 0.00
1316.0 327.0 0.00 0.00
833.0 666.0 0.00 0.00
1324.0 639.0 0.00 0.00
977.0 471.0 0.00 0.00
1553.0 613.0 0.00 0.00
158.0 850.0 0.00 0.00
143.0 880.0 0.00 0.00
818.0 587.0 0.00 0.00
742.0 906.0 0.00 0.00
538.0 767.0 0.00 0.00
199.0 783.0 0.00 0.00
663.0 684.0 0.00 0.00
169.0 719.0 0.00 0.00
211.0 816.0 0.00 0.00
1012.0 763.0 0.00 0.00
1425.0 392.0 0.00 0.00
1634.0 571.0 0.00 0.00
569.0 787.0 0.00 0.00
226.0 724.0 0.00 0.00
622.0 664.0 0.00 0.00
1003.0 363.0 0.00 0.00
82.0 753.0 0.00 0.00
201.0 826.0 0.00 0.00
908.0 536.0 0.00 0.00
582.0 900.0 0.00 0.00
516.0 891.0 0.00 0.00
495.0 948.0 0.00 0.00
1220.0 560.0 0.00 0.00
1740.0 790.0 0.00 0.00
1424.0 363.0 0.00 0.00
814.0 582.0 0.00 0.00
599.0 627.0 0.00 0.00
1483.0 506.0 0.00 0.00
191.0 862.0 0.00 0.00
793.0 618.0 0.00 0.00
1303.0 714.0 0.00 0.00
605.0 885.0 0.00 0.00
944.0 830.0 0.00 0.00
611.0 673.0 0.00 0.00
216.0 745.0 0.00 0.00
767.0 606.0 0.00 0.00
1211.0 313.0 0.00 0.00
1260.0 743.0 0.00 0.00
797.0 949.0 0.00 0.00
1039.0 323.0 0.00 0.00
990.0 311.0 0.00 0.00
704.0 425.0 0.00 0.00
1312.0 754.0 0.00 0.00
243.0 817.0 0.00 0.00
56.0 580.0 0.00 0.00
198.0 746.0 0.00 0.00
603.0 804.0 0.00 0.00
780.0 646.0 0.00 0.00
149.0 789.0 0.00 0.00
1090.0 365.0 0.00 0.00
1717.0 584.0 0.00 0.00
1101.0 795.0 0.00 0.00
1295.0 322.0 0.00 0.00
131.0 645.0 0.00 0.00
805.0 594.0 0.00 0.00
947.0 939.0 0.00 0.00
1269.0 669.0 0.00 0.00
388.0 715.0 0.00 0.00
770.0 684.0 0.00 0.00
1444.0 584.0 0.00 0.00
644.0 780.0 0.00 0.00
439.0 658.0 0.00 0.00
653.0 733.0 0.00 0.00
935.0 1187.0 0.00 0.00
851.0 544.0 0.00 0.00
557.0 818.0 0.00 0.00
364.0 885.0 0.00 0.00
1296.0 973.0 0.00 0.00
247.0 928.0 0.00 0.00
1179.0 979.0 0.00 0.00
302.0 824.0 0.00 0.00
841.0 310.0 0.00 0.00
1393.0 764.0 0.00 0.00
149.0 732.0 0.00 0.00
243.0 837.0 0.00 0.00
1439.0 474.0 0.00 0.00
451.0 957.0 0.00 0.00
792.0 637.0 0.00 0.00
244.0 808.0 0.00 0.00
1384.0 886.0 0.00 0.00
59.0 950.0 0.00 0.00
953.0 311.0 0.00 0.00
98.0 820.0 0.00 0.00
1253.0 592.0 0.00 0.00
1464.0 378.0 0.00 0.00
1218.0 761.0 0.00 0.00
811.0 677.0 0.00 0.00
29.0 561.0 0.00 0.00
1579.0 752.0 0.00 0.00
472.0 630.0 0.00 0.00
420.0 739.0 0.00 0.00
835.0 563.0 0.00 0.00
1097.0 767.0 0.00 0.00
1324.0 960.0 0.00 0.00
1764.0 747.0 0.00 0.00
21.0 605.0 0.00 0.00
665.0 667.0 0.00 0.00
648.0 622.0 0.00 0.00
884.0 903.0 0.00 0.00
298.0 855.0 0.00 0.00
608.0 644.0 0.00 0.00
1340.0 691.0 0.00 0.00
262.0 813.0 0.00 0.00
1366.0 390.0 0.00 0.00
1385.0 922.0 0.00 0.00
1366.0 852.0 0.00 0.00
1359.0 377.0 0.00 0.00
1444.0 567.0 0.00 0.00
125.0 759.0 0.00 0.00
632.0 866.0 0.00 0.00
228.0 909.0 0.00 0.00
902.0 742.0 0.00 0.00
1466.0 398.0 0.00 0.00
285.0 972.0 0.00 0.00
75.0 962.0 0.00 0.00
1629.0 551.0 0.00 0.00
218.0 705.0 0.00 0.00
60.0 899.0 0.00 0.00
343.0 848.0 0.00 0.00
398.0 648.0 0.00 0.00
941.0 483.0 0.00 0.00
293.0 749.0 0.00 0.00
228.0 615.0 0.00 0.00
320.0 577.0 0.00 0.00
222.0 713.0 0.00 0.00
344.0 821.0 0.00 0.00
375.0 614.0 0.00 0.00
217.0 822.0 0.00 0.00
1661.0 891.0 0.00 0.00
1719.0 506.0 0.00 0.00
1256.0 548.0 0.00 0.00
323.0 652.0 0.00 0.00
272.0 713.0 0.00 0.00
757.0 849.0 0.00 0.00
1468.0 996.0 0.00 0.00
945.0 958.0 0.00 0.00
1776.0 834.0 0.00 0.00
578.0 937.0 0.00 0.00
648.0 648.0 0.00 0.00
211.0 660.0 0.00 0.00
221.0 938.0 0.00 0.00
1575.0 930.0 0.00 0.00
14.0 714.0 0.00 0.00
902.0 364.0 0.00 0.00
276.0 785.0 0.00 0.00
1191.0 631.0 0.00 0.00
1371.0 954.0 0.00 0.00
963.0 730.0 0.00 0.00
267.0 803.0 0.00 0.00
82.0 803.0 0.00 0.00
1192.0 929.0 0.00 0.00
79.0 861.0 0.00 0.00
1460.0 930.0 0.00 0.00
1082.0 988.0 0.00 0.00
836.0 688.0 0.00 0.00
1024.0 664.0 0.00 0.00
598.0 993.0 0.00 0.00
1093.0 649.0 0.00 0.00
128.0 663.0 0.00 0.00
1627.0 589.0 0.00 0.00
330.0 993.0 0.00 0.00
1230.0 954.0 0.00 0.00
1653.0 914.0 0.00 0.00
436.0 667.0 0.00 0.00
985.0 470.0 0.00 0.00
470.0 892.0 0.00 0.00
152.0 748.0 0.00 0.00
1641.0 606.0 0.00 0.00
233.0 788.0 0.00 0.00
156.0 824.0 0.00 0.00
1525.0 612.0 0.00 0.00
1151.0 639.0 0.00 0.00
1474.0 310.0 0.00 0.00
1026.0 312.0 0.00 0.00
1438.0 458.0 0.00 0.00
1267.0 766.0 0.00 0.00
1216.0 863.0 0.00 0.00
502.0 779.0 0.00 0.00
1246.0 538.0 0.00 0.00
67.0 991.0 0.00 0.00
666.0 364.0 0.00 0.00
10.0 909.0 0.00 0.00
814.0 970.0 0.00 0.00
335.0 576.0 0.00 0.00
333.0 1187.0 0.00 0.00
173.0 924.0 0.00 0.00
17.0 688.0 0.00 0.00
337.0 614.0 0.00 0.00
1456.0 855.0 0.00 0.00
229.0 626.0 0.00 0.00
1226.0 691.0 0.00 0.00
240.0 780.0 0.00 0.00
869.0 462.0 0.00 0.00
1108.0 354.0 0.00 0.00
1328.0 972.0 0.00 0.00
1280.0 714.0 0.00 0.00
1471.0 412.0 0.00 0.00
189.0 723.0 0.00 0.00
605.0 945.0 0.00 0.00
258.0 825.0 0.00 0.00
574.0 708.0 0.00 0.00
1763.0 924.0 0.00 0.00
1344.0 727.0 0.00 0.00
190.0 633.0 0.00 0.00
835.0 550.0 0.00 0.00
902.0 321.0 0.00 0.00
841.0 327.0 0.00 0.00
1662.0 474.0 0.00 0.00
1240.0 1187.0 0.00 0.00
1201.0 761.0 0.00 0.00
1342.0 703.0 0.00 0.00
459.0 993.0 0.00 0.00
1455.0 807.0 0.00 0.00
1362.0 958.0 0.00 0.00
1148.0 833.0 0.00 0.00
571.0 883.0 0.00 0.00
1331.0 997.0 0.00 0.00
1646.0 808.0 0.00 0.00
905.0 391.0 0.00 0.00
172.0 864.0 0.00 0.00
382.0 709.0 0.00 0.00
608.0 633.0 0.00 0.00
1182.0 970.0 0.00 0.00
1622.0 473.0 0.00 0.00
1537.0 584.0 0.00 0.00
828.0 630.0 0.00 0.00
534.0 709.0 0.00 0.00
1079.0 867.0 0.00 0.00
1413.0 843.0 0.00 0.00
1485.0 895.0 0.00 0.00
1751.0 829.0 0.00 0.00
869.0 521.0 0.00 0.00
620.0 696.0 0.00 0.00
1687.0 844.0 0.00 0.00
207.0 875.0 0.00 0.00
1141.0 779.0 0.00 0.00
119.0 328.0 0.00 0.00
935.0 413.0 0.00 0.00
300.0 915.0 0.00 0.00
1767.0 604.0 0.00 0.00
209.0 799.0 0.00 0.00
653.0 633.0 0.00 0.00
108.0 677.0 0.00 0.00
1599.0 930.0 0.00 0.00
877.0 1031.0 0.00 0.00
519.0 729.0 0.00 0.00
345.0 884.0 0.00 0.00
561.0 695.0 0.00 0.00
1080.0 834.0 0.00 0.00
619.0 584.0 0.00 0.00
107.0 845.0 0.00 0.00
162.0 773.0 0.00 0.00
355.0 971.0 0.00 0.00
121.0 629.0 0.00 0.00
586.0 688.0 0.00 0.00
98.0 726.0 0.00 0.00
178.0 724.0 0.00 0.00
487.0 949.0 0.00 0.00
849.0 592.0 0.00 0.00
280.0 706.0 0.00 0.00
1609.0 640.0 0.00 0.00
1432.0 314.0 0.00 0.00
831.0 557.0 0.00 0.00
1607.0 612.0 0.00 0.00
643.0 996.0 0.00 0.00
1386.0 329.0 0.00 0.00
1166.0 623.0 0.00 0.00
206.0 888.0 0.00 0.00
806.0 882.0 0.00 0.00
1438.0 904.0 0.00 0.00
1078.0 671.0 0.00 0.00
641.0 873.0 0.00 0.00
818.0 762.0 0.00 0.00
53.0 598.0 0.00 0.00
1012.0 833.0 0.00 0.00
1407.0 956.0 0.00 0.00
1047.0 493.0 0.00 0.00
659.0 918.0 0.00 0.00
493.0 927.0 0.00 0.00
310.0 637.0 0.00 0.00
955.0 478.0 0.00 0.00
454.0 778.0 0.00 0.00
552.0 778.0 0.00 0.00
1645.0 791.0 0.00 0.00
1089.0 378.0 0.00 0.00
275.0 635.0 0.00 0.00
603.0 819.0 0.00 0.00
236.0 828.0 0.00 0.00
1011.0 989.0 0.00 0.00
1043.0 461.0 0.00 0.00
732.0 390.0 0.00 0.00
607.0 698.0 0.00 0.00
423.0 798.0 0.00 0.00
1291.0 766.0 0.00 0.00
289.0 927.0 0.00 0.00
1755.0 570.0 0.00 0.00
1615.0 668.0 0.00 0.00
1761.0 975.0 0.00 0.00
1430.0 922.0 0.00 0.00
630.0 722.0 0.00 0.00
91.0 930.0 0.00 0.00
1251.0 785.0 0.00 0.00
476.0 982.0 0.00 0.00
952.0 612.0 0.00 0.00
448.0 633.0 0.00 0.00
1428.0 1191.0 0.00 0.00
558.0 703.0 0.00 0.00
810.0 588.0 0.00 0.00
1020.0 390.0 0.00 0.00
633.0 947.0 0.00 0.00
277.0 809.0 0.00 0.00
546.0 993.0 0.00 0.00
1284.0 569.0 0.00 0.00
565.0 664.0 0.00 0.00
221.0 863.0 0.00 0.00
638.0 225.0 0.00 0.00
785.0 953.0 0.00 0.00
1726.0 638.0 0.00 0.00
1721.0 473.0 0.00 0.00
164.0 759.0 0.00 0.00
49.0 846.0 0.00 0.00
1454.0 783.0 0.00 0.00
1767.0 254.0 0.00 0.00
1685.0 601.0 0.00 0.00
1636.0 932.0 0.00 0.00
939.0 321.0 0.00 0.00
794.0 411.0 0.00 0.00
310.0 961.0 0.00 0.00
84.0 621.0 0.00 0.00
810.0 959.0 0.00 0.00
996.0 731.0 0.00 0.00
1215.0 992.0 0.00 0.00
1420.0 877.0 0.00 0.00
614.0 993.0 0.00 0.00
1242.0 525.0 0.00 0.00
574.0 629.0 0.00 0.00
434.0 718.0 0.00 0.00
586.0 644.0 0.00 0.00
53.0 613.0 0.00 0.00
351.0 663.0 0.00 0.00
71.0 655.0 0.00 0.00
447.0 704.0 0.00 0.00
848.0 538.0 0.00 0.00
910.0 926.0 0.00 0.00
1290.0 662.0 0.00 0.00
843.0 364.0 0.00 0.00
1079.0 960.0 0.00 0.00
845.0 551.0 0.00 0.00
962.0 475.0 0.00 0.00
251.0 678.0 0.00 0.00
1034.0 638.0 0.00 0.00
1404.0 407.0 0.00 0.00
1158.0 482.0 0.00 0.00
584.0 871.0 0.00 0.00
593.0 800.0 0.00 0.00
457.0 648.0 0.00 0.00
724.0 312.0 0.00 0.00
993.0 793.0 0.00 0.00
1718.0 571.0 0.00 0.00
1264.0 143.0 0.00 0.00
720.0 645.0 0.00 0.00
345.0 704.0 0.00 0.00
69.0 973.0 0.00 0.00
747.0 996.0 0.00 0.00
512.0 914.0 0.00 0.00
921.0 991.0 0.00 0.00
1137.0 391.0 0.00 0.00
1677.0 790.0 0.00 0.00
1374.0 326.0 0.00 0.00
495.0 811.0 0.00 0.00
1445.0 623.0 0.00 0.00
1154.0 964.0 0.00 0.00
1196.0 491.0 0.00 0.00
1563.0 722.0 0.00 0.00
632.0 786.0 0.00 0.00
137.0 1182.0 0.00 0.00
225.0 831.0 0.00 0.00
1369.0 736.0 0.00 0.00
194.0 691.0 0.00 0.00
1020.0 364.0 0.00 0.00
387.0 646.0 0.00 0.00
1148.0 364.0 0.00 0.00
316.0 940.0 0.00 0.00
614.0 799.0 0.00 0.00
445.0 758.0 0.00 0.00
766.0 702.0 0.00 0.00
631.0 712.0 0.00 0.00
148.0 676.0 0.00 0.00
709.0 625.0 0.00 0.00
1234.0 724.0 0.00 0.00
1767.0 865.0 0.00 0.00
915.0 365.0 0.00 0.00
670.0 415.0 0.00 0.00
249.0 714.0 0.00 0.00
1351.0 413.0 0.00 0.00
466.0 945.0 0.00 0.00
557.0 868.0 0.00 0.00
720.0 874.0 0.00 0.00
1268.0 617.0 0.00 0.00
1192.0 721.0 0.00 0.00
201.0 992.0 0.00 0.00
1621.0 534.0 0.00 0.00
20.0 817.0 0.00 0.00
154.0 993.0 0.00 0.00
1046.0 639.0 0.00 0.00
1142.0 845.0 0.00 0.00
631.0 915.0 0.00 0.00
412.0 786.0 0.00 0.00
838.0 948.0 0.00 0.00
186.0 657.0 0.00 0.00
776.0 697.0 0.00 0.00
533.0 849.0 0.00 0.00
973.0 465.0 0.00 0.00
1122.0 463.0 0.00 0.00
1464.0 288.0 0.00 0.00
664.0 619.0 0.00 0.00
1237.0 744.0 0.00 0.00
1345.0 719.0 0.00 0.00
362.0 797.0 0.00 0.00
1115.0 449.0 0.00 0.00
683.0 364.0 0.00 0.00
529.0 657.0 0.00 0.00
528.0 641.0 0.00 0.00
1224.0 519.0 0.00 0.00
715.0 414.0 0.00 0.00
895.0 377.0 0.00 0.00
356.0 727.0 0.00 0.00
769.0 693.0 0.00 0.00
1439.0 668.0 0.00 0.00
1360.0 414.0 0.00 0.00
763.0 951.0 0.00 0.00
1659.0 991.0 0.00 0.00
1728.0 311.0 0.00 0.00
593.0 651.0 0.00 0.00
1268.0 482.0 0.00 0.00
818.0 809.0 0.00 0.00
745.0 488.0 0.00 0.00
151.0 917.0 0.00 0.00
1471.0 442.0 0.00 0.00
900.0 496.0 0.00 0.00
1231.0 878.0 0.00 0.00
1287.0 856.0 0.00 0.00
571.0 978.0 0.00 0.00
695.0 928.0 0.00 0.00
335.0 699.0 0.00 0.00
1046.0 685.0 0.00 0.00
88.0 842.0 0.00 0.00
299.0 709.0 0.00 0.00
222.0 756.0 0.00 0.00
634.0 662.0 0.00 0.00
1777.0 769.0 0.00 0.00
147.0 869.0 0.00 0.00
1187.0 767.0 0.00 0.00
543.0 898.0 0.00 0.00
179.0 714.0 0.00 0.00
777.0 788.0 0.00 0.00
1754.0 903.0 0.00 0.00
969.0 473.0 0.00 0.00
1597.0 667.0 0.00 0.00
617.0 900.0 0.00 0.00
414.0 819.0 0.00 0.00
1383.0 569.0 0.00 0.00
1129.0 793.0 0.00 0.00
809.0 601.0 0.00 0.00
437.0 647.0 0.00 0.00
459.0 625.0 0.00 0.00
655.0 939.0 0.00 0.00
631.0 657.0 0.00 0.00
1339.0 982.0 0.00 0.00
959.0 751.0 0.00 0.00
842.0 377.0 0.00 0.00
535.0 789.0 0.00 0.00
788.0 390.0 0.00 0.00
200.0 773.0 0.00 0.00
876.0 715.0 0.00 0.00
910.0 957.0 0.00 0.00
138.0 760.0 0.00 0.00
450.0 656.0 0.00 0.00
1368.0 889.0 0.00 0.00
220.0 660.0 0.00 0.00
530.0 950.0 0.00 0.00
640.0 304.0 0.00 0.00
199.0 642.0 0.00 0.00
284.0 691.0 0.00 0.00
143.0 664.0 0.00 0.00
1459.0 738.0 0.00 0.00
799.0 272.0 0.00 0.00
824.0 694.0 0.00 0.00
1307.0 765.0 0.00 0.00
668.0 482.0 0.00 0.00
1758.0 890.0 0.00 0.00
1393.0 998.0 0.00 0.00
1683.0 71.0 0.00 0.00
334.0 633.0 0.00 0.00
1039.0 790.0 0.00 0.00
1675.0 986.0 0.00 0.00
530.0 727.0 0.00 0.00
796.0 683.0 0.00 0.00
345.0 687.0 0.00 0.00
47.0 925.0 0.00 0.00
32.0 287.0 0.00 0.00
486.0 718.0 0.00 0.00
293.0 664.0 0.00 0.00
799.0 364.0 0.00 0.00
858.0 791.0 0.00 0.00
684.0 389.0 0.00 0.00
98.0 992.0 0.00 0.00
186.0 796.0 0.00 0.00
1791.0 923.0 0.00 0.00
1634.0 694.0 0.00 0.00
1394.0 407.0 0.00 0.00
1337.0 610.0 0.00 0.00
1259.0 541.0 0.00 0.00
1164.0 440.0 0.00 0.00
311.0 857.0 0.00 0.00
964.0 390.0 0.00 0.00
1454.0 737.0 0.00 0.00
1012.0 661.0 0.00 0.00
847.0 279.0 0.00 0.00
1023.0 455.0 0.00 0.00
1151.0 479.0 0.00 0.00
209.0 832.0 0.00 0.00
627.0 792.0 0.00 0.00
1096.0 499.0 0.00 0.00
1229.0 524.0 0.00 0.00
930.0 949.0 0.00 0.00
1458.0 869.0 0.00 0.00
1274.0 632.0 0.00 0.00
580.0 856.0 0.00 0.00
210.0 895.0 0.00 0.00
744.0 413.0 0.00 0.00
416.0 755.0 0.00 0.00
559.0 591.0 0.00 0.00
108.0 783.0 0.00 0.00
943.0 764.0 0.00 0.00
1221.0 979.0 0.00 0.00
1758.0 759.0 0.00 0.00
1631.0 874.0 0.00 0.00
77.0 868.0 0.00 0.00
1192.0 961.0 0.00 0.00
184.0 992.0 0.00 0.00
875.0 523.0 0.00 0.00
160.0 185.0 0.00 0.00
661.0 737.0 0.00 0.00
1081.0 388.0 0.00 0.00
1178.0 760.0 0.00 0.00
1459.0 896.0 0.00 0.00
383.0 632.0 0.00 0.00
270.0 917.0 0.00 0.00
942.0 776.0 0.00 0.00
668.0 573.0 0.00 0.00
336.0 915.0 0.00 0.00
1334.0 667.0 0.00 0.00
1255.0 536.0 0.00 0.00
124.0 845.0 0.00 0.00
1231.0 904.0 0.00 0.00
1309.0 624.0 0.00 0.00
551.0 642.0 0.00 0.00
192.0 919.0 0.00 0.00
1323.0 879.0 0.00 0.00
780.0 377.0 0.00 0.00
808.0 734.0 0.00 0.00
442.0 721.0 0.00 0.00
1249.0 981.0 0.00 0.00
1312.0 388.0 0.00 0.00
1719.0 49.0 0.00 0.00
1054.0 780.0 0.00 0.00
738.0 705.0 0.00 0.00
686.0 377.0 0.00 0.00
1065.0 987.0 0.00 0.00
587.0 750.0 0.00 0.00
477.0 974.0 0.00 0.00
690.0 598.0 0.00 0.00
1047.0 563.0 0.00 0.00
1676.0 734.0 0.00 0.00
1024.0 885.0 0.00 0.00
1250.0 391.0 0.00 0.00
1428.0 947.0 0.00 0.00
1195.0 390.0 0.00 0.00
676.0 950.0 0.00 0.00
858.0 364.0 0.00 0.00
535.0 448.0 0.00 0.00
1336.0 721.0 0.00 0.00
48.0 897.0 0.00 0.00
1210.0 689.0 0.00 0.00
1015.0 457.0 0.00 0.00
629.0 994.0 0.00 0.00
663.0 747.0 0.00 0.00
395.0 627.0 0.00 0.00
1477.0 288.0 0.00 0.00
1685.0 863.0 0.00 0.00
430.0 787.0 0.00 0.00
1391.0 31.0 0.00 0.00
224.0 30.0 0.00 0.00
586.0 634.0 0.00 0.00
136.0 771.0 0.00 0.00
257.0 851.0 0.00 0.00
832.0 959.0 0.00 0.00
1266.0 952.0 0.00 0.00
798.0 750.0 0.00 0.00
832.0 709.0 0.00 0.00
264.0 943.0 0.00 0.00
1785.0 819.0 0.00 0.00
757.0 758.0 0.00 0.00
637.0 312.0 0.00 0.00
1127.0 711.0 0.00 0.00
648.0 818.0 0.00 0.00
401.0 673.0 0.00 0.00
513.0 935.0 0.00 0.00
343.0 341.0 0.00 0.00
1082.0 497.0 0.00 0.00
1341.0 696.0 0.00 0.00
708.0 419.0 0.00 0.00
96.0 544.0 0.00 0.00
859.0 586.0 0.00 0.00
355.0 615.0 0.00 0.00
523.0 878.0 0.00 0.00
848.0 389.0 0.00 0.00
251.0 731.0 0.00 0.00
1576.0 566.0 0.00 0.00
171.0 739.0 0.00 0.00
1393.0 419.0 0.00 0.00
1293.0 582.0 0.00 0.00
916.0 493.0 0.00 0.00
956.0 470.0 0.00 0.00
49.0 658.0 0.00 0.00
251.0 697.0 0.00 0.00
483.0 673.0 0.00 0.00
1275.0 558.0 0.00 0.00
891.0 910.0 0.00 0.00
498.0 660.0 0.00 0.00
798.0 897.0 0.00 0.00
754.0 928.0 0.00 0.00
1144.0 477.0 0.00 0.00
194.0 660.0 0.00 0.00
19.0 832.0 0.00 0.00
1370.0 931.0 0.00 0.00
1166.0 655.0 0.00 0.00
190.0 675.0 0.00 0.00
48.0 358.0 0.00 0.00
547.0 822.0 0.00 0.00
273.0 928.0 0.00 0.00
338.0 970.0 0.00 0.00
633.0 760.0 0.00 0.00
975.0 377.0 0.00 0.00
207.0 745.0 0.00 0.00
1274.0 959.0 0.00 0.00
1177.0 754.0 0.00 0.00
915.0 948.0 0.00 0.00
366.0 574.0 0.00 0.00
46.0 685.0 0.00 0.00
183.0 823.0 0.00 0.00
1218.0 506.0 0.00 0.00
1331.0 765.0 0.00 0.00
869.0 741.0 0.00 0.00
1397.0 412.0 0.00 0.00
559.0 931.0 0.00 0.00
1696.0 473.0 0.00 0.00
67.0 616.0 0.00 0.00
883.0 959.0 0.00 0.00
165.0 641.0 0.00 0.00
577.0 931.0 0.00 0.00
455.0 767.0 0.00 0.00
1629.0 845.0 0.00 0.00
1182.0 639.0 0.00 0.00
879.0 992.0 0.00 0.00
778.0 654.0 0.00 0.00
197.0 837.0 0.00 0.00
162.0 799.0 0.00 0.00
708.0 319.0 0.00 0.00
652.0 488.0 0.00 0.00
1115.0 692.0 0.00 0.00
1467.0 368.0 0.00 0.00
908.0 638.0 0.00 0.00
867.0 873.0 0.00 0.00
712.0 702.0 0.00 0.00
708.0 325.0 0.00 0.00
224.0 376.0 0.00 0.00
526.0 718.0 0.00 0.00
1040.0 16.0 0.00 0.00
830.0 724.0 0.00 0.00
430.0 747.0 0.00 0.00
242.0 732.0 0.00 0.00
247.0 787.0 0.00 0.00
334.0 883.0 0.00 0.00
856.0 389.0 0.00 0.00
257.0 910.0 0.00 0.00
1131.0 988.0 0.00 0.00
1447.0 669.0 0.00 0.00
275.0 959.0 0.00 0.00
335.0 662.0 0.00 0.00
346.0 615.0 0.00 0.00
335.0 288.0 0.00 0.00
595.0 632.0 0.00 0.00
480.0 630.0 0.00 0.00
767.0 216.0 0.00 0.00
1660.0 721.0 0.00 0.00
516.0 964.0 0.00 0.00
1251.0 959.0 0.00 0.00
327.0 160.0 0.00 0.00
1734.0 929.0 0.00 0.00
549.0 616.0 0.00 0.00
920.0 978.0 0.00 0.00
622.0 761.0 0.00 0.00
1590.0 723.0 0.00 0.00
425.0 735.0 0.00 0.00
1336.0 673.0 0.00 0.00
624.0 748.0 0.00 0.00
76.0 698.0 0.00 0.00
686.0 70.0 0.00 0.00
771.0 675.0 0.00 0.00
11.0 632.0 0.00 0.00
589.0 932.0 0.00 0.00
1032.0 495.0 0.00 0.00
1137.0 144.0 0.00 0.00
1220.0 840.0 0.00 0.00
1291.0 668.0 0.00 0.00
931.0 841.0 0.00 0.00
932.0 872.0 0.00 0.00
1019.0 327.0 0.00 0.00
168.0 624.0 0.00 0.00
308.0 974.0 0.00 0.00
1095.0 466.0 0.00 0.00
141.0 945.0 0.00 0.00
1180.0 813.0 0.00 0.00
776.0 661.0 0.00 0.00
1280.0 564.0 0.00 0.00
558.0 746.0 0.00 0.00
540.0 921.0 0.00 0.00
63.0 320.0 0.00 0.00
243.0 723.0 0.00 0.00
1137.0 467.0 0.00 0.00
599.0 715.0 0.00 0.00
764.0 936.0 0.00 0.00
532.0 691.0 0.00 0.00
8.0 818.0 0.00 0.00
133.0 843.0 0.00 0.00
640.0 414.0 0.00 0.00
134.0 887.0 0.00 0.00
119.0 352.0 0.00 0.00
1301.0 956.0 0.00 0.00
138.0 932.0 0.00 0.00
1024.0 979.0 0.00 0.00
561.0 657.0 0.00 0.00
1436.0 388.0 0.00 0.00
877.0 910.0 0.00 0.00
512.0 686.0 0.00 0.00
1671.0 55.0 0.00 0.00
72.0 619.0 0.00 0.00
1408.0 234.0 0.00 0.00
660.0 786.0 0.00 0.00
1360.0 906.0 0.00 0.00
422.0 669.0 0.00 0.00
171.0 633.0 0.00 0.00
621.0 822.0 0.00 0.00
864.0 607.0 0.00 0.00
382.0 768.0 0.00 0.00
516.0 748.0 0.00 0.00
954.0 128.0 0.00 0.00
233.0 670.0 0.00 0.00
778.0 689.0 0.00 0.00
1158.0 778.0 0.00 0.00
1580.0 995.0 0.00 0.00
1760.0 904.0 0.00 0.00
1296.0 738.0 0.00 0.00
822.0 741.0 0.00 0.00
439.0 375.0 0.00 0.00
1509.0 504.0 0.00 0.00
1287.0 151.0 0.00 0.00
1538.0 503.0 0.00 0.00
1438.0 383.0 0.00 0.00
1286.0 766.0 0.00 0.00
620.0 728.0 0.00 0.00
913.0 463.0 0.00 0.00
211.0 635.0 0.00 0.00
879.0 280.0 0.00 0.00
606.0 904.0 0.00 0.00
1346.0 629.0 0.00 0.00
323.0 642.0 0.00 0.00
23.0 714.0 0.00 0.00
904.0 665.0 0.00 0.00
368.0 758.0 0.00 0.00
1536.0 399.0 0.00 0.00
601.0 1177.0 0.00 0.00
462.0 632.0 0.00 0.00
455.0 682.0 0.00 0.00
647.0 835.0 0.00 0.00
447.0 689.0 0.00 0.00
264.0 633.0 0.00 0.00
132.0 964.0 0.00 0.00
975.0 364.0 0.00 0.00
74.0 810.0 0.00 0.00
1111.0 105.0 0.00 0.00
1409.0 625.0 0.00 0.00
1553.0 161.0 0.00 0.00
1712.0 432.0 0.00 0.00
335.0 895.0 0.00 0.00
284.0 785.0 0.00 0.00
578.0 731.0 0.00 0.00
774.0 712.0 0.00 0.00
515.0 904.0 0.00 0.00
886.0 505.0 0.00 0.00
1650.0 581.0 0.00 0.00
1072.0 132.0 0.00 0.00
11.0 732.0 0.00 0.00
1336.0 997.0 0.00 0.00
254.0 616.0 0.00 0.00
1041.0 951.0 0.00 0.00
55.0 868.0 0.00 0.00
910.0 656.0 0.00 0.00
415.0 322.0 0.00 0.00
1494.0 550.0 0.00 0.00
248.0 828.0 0.00 0.00
447.0 401.0 0.00 0.00
1559.0 104.0 0.00 0.00
331.0 935.0 0.00 0.00
1598.0 692.0 0.00 0.00
1117.0 832.0 0.00 0.00
412.0 615.0 0.00 0.00
983.0 678.0 0.00 0.00
1702.0 820.0 0.00 0.00
295.0 813.0 0.00 0.00
701.0 850.0 0.00 0.00
1262.0 504.0 0.00 0.00
1560.0 693.0 0.00 0.00
148.0 821.0 0.00 0.00
63.0 733.0 0.00 0.00
135.0 439.0 0.00 0.00
171.0 816.0 0.00 0.00
147.0 898.0 0.00 0.00
823.0 958.0 0.00 0.00
904.0 47.0 0.00 0.00
1769.0 890.0 0.00 0.00
397.0 620.0 0.00 0.00
610.0 929.0 0.00 0.00
103.0 959.0 0.00 0.00
679.0 747.0 0.00 0.00
1026.0 987.0 0.00 0.00
907.0 353.0 0.00 0.00
1031.0 1164.0 0.00 0.00
723.0 64.0 0.00 0.00
1445.0 976.0 0.00 0.00
1705.0 998.0 0.00 0.00
910.0 901.0 0.00 0.00
493.0 707.0 0.00 0.00
1367.0 702.0 0.00 0.00
1243.0 328.0 0.00 0.00
543.0 657.0 0.00 0.00
1175.0 748.0 0.00 0.00
755.0 873.0 0.00 0.00
38.0 605.0 0.00 0.00
962.0 711.0 0.00 0.00
821.0 730.0 0.00 0.00
1767.0 663.0 0.00 0.00
843.0 390.0 0.00 0.00
1295.0 112.0 0.00 0.00
216.0 643.0 0.00 0.00
534.0 886.0 0.00 0.00
1224.0 1161.0 0.00 0.00
227.0 635.0 0.00 0.00
1041.0 979.0 0.00 0.00
1127.0 680.0 0.00 0.00
88.0 240.0 0.00 0.00
1659.0 694.0 0.00 0.00
994.0 460.0 0.00 0.00
856.0 247.0 0.00 0.00
806.0 903.0 0.00 0.00
876.0 326.0 0.00 0.00
263.0 698.0 0.00 0.00
632.0 750.0 0.00 0.00
248.0 668.0 0.00 0.00
773.0 723.0 0.00 0.00
1559.0 48.0 0.00 0.00
1312.0 931.0 0.00 0.00
108.0 765.0 0.00 0.00
79.0 47.0 0.00 0.00
1213.0 503.0 0.00 0.00
1783.0 453.0 0.00 0.00
64.0 526.0 0.00 0.00
184.0 685.0 0.00 0.00
216.0 626.0 0.00 0.00
847.0 958.0 0.00 0.00
350.0 716.0 0.00 0.00
759.0 960.0 0.00 0.00
509.0 744.0 0.00 0.00
729.0 773.0 0.00 0.00
1631.0 280.0 0.00 0.00
1700.0 903.0 0.00 0.00
1424.0 694.0 0.00 0.00
395.0 675.0 0.00 0.00
403.0 717.0 0.00 0.00
1687.0 391.0 0.00 0.00
644.0 718.0 0.00 0.00
765.0 414.0 0.00 0.00
399.0 535.0 0.00 0.00
1261.0 767.0 0.00 0.00
1105.0 692.0 0.00 0.00
225.0 749.0 0.00 0.00
1048.0 896.0 0.00 0.00
806.0 608.0 0.00 0.00
145.0 684.0 0.00 0.00
1042.0 864.0 0.00 0.00
727.0 364.0 0.00 0.00
911.0 327.0 0.00 0.00
273.0 705.0 0.00 0.00
311.0 212.0 0.00 0.00
1293.0 680.0 0.00 0.00
140.0 901.0 0.00 0.00
375.0 72.0 0.00 0.00
463.0 640.0 0.00 0.00
1601.0 65.0 0.00 0.00
598.0 666.0 0.00 0.00
261.0 928.0 0.00 0.00
1271.0 676.0 0.00 0.00
1739.0 930.0 0.00 0.00
1296.0 959.0 0.00 0.00
528.0 924.0 0.00 0.00
246.0 1031.0 0.00 0.00
1606.0 375.0 0.00 0.00
1346.0 974.0 0.00 0.00
881.0 690.0 0.00 0.00
288.0 946.0 0.00 0.00
221.0 954.0 0.00 0.00
309.0 885.0 0.00 0.00
465.0 617.0 0.00 0.00
1742.0 311.0 0.00 0.00
442.0 628.0 0.00 0.00
1170.0 766.0 0.00 0.00
826.0 574.0 0.00 0.00
691.0 416.0 0.00 0.00
931.0 891.0 0.00 0.00
1041.0 824.0 0.00 0.00
862.0 534.0 0.00 0.00
772.0 325.0 0.00 0.00
148.0 946.0 0.00 0.00
488.0 523.0 0.00 0.00
1074.0 565.0 0.00 0.00
272.0 70.0 0.00 0.00
553.0 928.0 0.00 0.00
157.0 685.0 0.00 0.00
786.0 632.0 0.00 0.00
527.0 191.0 0.00 0.00
1055.0 223.0 0.00 0.00
1465.0 313.0 0.00 0.00
245.0 617.0 0.00 0.00
52.0 831.0 0.00 0.00
1287.0 893.0 0.00 0.00
704.0 414.0 0.00 0.00
792.0 959.0 0.00 0.00
196.0 947.0 0.00 0.00
189.0 941.0 0.00 0.00
1252.0 831.0 0.00 0.00
656.0 319.0 0.00 0.00
541.0 747.0 0.00 0.00
1711.0 23.0 0.00 0.00
611.0 789.0 0.00 0.00
891.0 758.0 0.00 0.00
1279.0 707.0 0.00 0.00
770.0 971.0 0.00 0.00
869.0 392.0 0.00 0.00
674.0 309.0 0.00 0.00
704.0 509.0 0.00 0.00
1302.0 377.0 0.00 0.00
626.0 385.0 0.00 0.00
639.0 854.0 0.00 0.00
1133.0 365.0 0.00 0.00
671.0 606.0 0.00 0.00
654.0 660.0 0.00 0.00
530.0 912.0 0.00 0.00
1638.0 992.0 0.00 0.00
1047.0 884.0 0.00 0.00
1266.0 1188.0 0.00 0.00
1431.0 343.0 0.00 0.00
800.0 967.0 0.00 0.00
343.0 71.0 0.00 0.00
1379.0 364.0 0.00 0.00
1130.0 473.0 0.00 0.00
832.0 288.0 0.00 0.00
333.0 871.0 0.00 0.00
743.0 326.0 0.00 0.00
1006.0 415.0 0.00 0.00
1056.0 951.0 0.00 0.00
1559.0 319.0 0.00 0.00
1770.0 965.0 0.00 0.00
1456.0 201.0 0.00 0.00
1349.0 1150.0 0.00 0.00
671.0 96.0 0.00 0.00
1370.0 917.0 0.00 0.00
1778.0 943.0 0.00 0.00
405.0 789.0 0.00 0.00
632.0 645.0 0.00 0.00
1072.0 80.0 0.00 0.00
933.0 832.0 0.00 0.00
359.0 361.0 0.00 0.00
879.0 667.0 0.00 0.00
1014.0 1184.0 0.00 0.00
484.0 648.0 0.00 0.00
1225.0 428.0 0.00 0.00
85.0 605.0 0.00 0.00
853.0 176.0 0.00 0.00
1065.0 1178.0 0.00 0.00
345.0 897.0 0.00 0.00
495.0 512.0 0.00 0.00
567.0 599.0 0.00 0.00
1554.0 567.0 0.00 0.00
1726.0 247.0 0.00 0.00
87.0 273.0 0.00 0.00
167.0 583.0 0.00 0.00
1526.0 486.0 0.00 0.00
1104.0 1174.0 0.00 0.00
1155.0 766.0 0.00 0.00
1437.0 403.0 0.00 0.00
119.0 342.0 0.00 0.00
638.0 766.0 0.00 0.00
623.0 688.0 0.00 0.00
386.0 560.0 0.00 0.00
597.0 63.0 0.00 0.00
658.0 812.0 0.00 0.00
662.0 712.0 0.00 0.00
1560.0 982.0 0.00 0.00
1647.0 183.0 0.00 0.00
558.0 969.0 0.00 0.00
41.0 881.0 0.00 0.00
1521.0 584.0 0.00 0.00
1512.0 489.0 0.00 0.00
967.0 87.0 0.00 0.00
1711.0 208.0 0.00 0.00
521.0 918.0 0.00 0.00
211.0 684.0 0.00 0.00
842.0 645.0 0.00 0.00
386.0 615.0 0.00 0.00
379.0 120.0 0.00 0.00
1386.0 976.0 0.00 0.00
128.0 671.0 0.00 0.00
1275.0 692.0 0.00 0.00
1031.0 455.0 0.00 0.00
1278.0 1177.0 0.00 0.00
1023.0 64.0 0.00 0.00
719.0 111.0 0.00 0.00
502.0 719.0 0.00 0.00
1476.0 711.0 0.00 0.00
1159.0 844.0 0.00 0.00
99.0 759.0 0.00 0.00
595.0 927.0 0.00 0.00
469.0 868.0 0.00 0.00
479.0 463.0 0.00 0.00
537.0 721.0 0.00 0.00
294.0 756.0 0.00 0.00
532.0 756.0 0.00 0.00
1183.0 904.0 0.00 0.00
640.0 39.0 0.00 0.00
1199.0 176.0 0.00 0.00
947.0 481.0 0.00 0.00
209.0 712.0 0.00 0.00
192.0 828.0 0.00 0.00
41.0 956.0 0.00 0.00
954.0 730.0 0.00 0.00
959.0 169.0 0.00 0.00
687.0 96.0 0.00 0.00
275.0 616.0 0.00 0.00
1523.0 983.0 0.00 0.00
1311.0 884.0 0.00 0.00
1615.0 692.0 0.00 0.00
1047.0 1148.0 0.00 0.00
1616.0 280.0 0.00 0.00
618.0 601.0 0.00 0.00
1108.0 800.0 0.00 0.00
214.0 882.0 0.00 0.00
838.0 871.0 0.00 0.00
984.0 504.0 0.00 0.00
1496.0 994.0 0.00 0.00
224.0 591.0 0.00 0.00
1205.0 378.0 0.00 0.00
1043.0 931.0 0.00 0.00
1773.0 905.0 0.00 0.00
102.0 449.0 0.00 0.00
129.0 698.0 0.00 0.00
1327.0 80.0 0.00 0.00
1047.0 717.0 0.00 0.00
352.0 527.0 0.00 0.00
55.0 837.0 0.00 0.00
969.0 111.0 0.00 0.00
850.0 790.0 0.00 0.00
144.0 657.0 0.00 0.00
256.0 56.0 0.00 0.00
1519.0 433.0 0.00 0.00
858.0 853.0 0.00 0.00
394.0 658.0 0.00 0.00
609.0 687.0 0.00 0.00
1081.0 854.0 0.00 0.00
414.0 191.0 0.00 0.00
1240.0 532.0 0.00 0.00
706.0 746.0 0.00 0.00
319.0 256.0 0.00 0.00
1777.0 733.0 0.00 0.00
1342.0 64.0 0.00 0.00
219.0 637.0 0.00 0.00
306.0 256.0 0.00 0.00
1333.0 414.0 0.00 0.00
1731.0 790.0 0.00 0.00
1014.0 464.0 0.00 0.00
1454.0 843.0 0.00 0.00
1189.0 537.0 0.00 0.00
1440.0 488.0 0.00 0.00
1323.0 658.0 0.00 0.00
553.0 852.0 0.00 0.00
840.0 31.0 0.00 0.00
620.0 566.0 0.00 0.00
1148.0 867.0 0.00 0.00
875.0 926.0 0.00 0.00
308.0 743.0 0.00 0.00
1024.0 207.0 0.00 0.00
64.0 536.0 0.00 0.00
315.0 675.0 0.00 0.00
597.0 767.0 0.00 0.00
1067.0 70.0 0.00 0.00
95.0 14.0 0.00 0.00
1731.0 820.0 0.00 0.00
242.0 751.0 0.00 0.00
1184.0 959.0 0.00 0.00
520.0 692.0 0.00 0.00
1334.0 700.0 0.00 0.00
1248.0 590.0 0.00 0.00
614.0 807.0 0.00 0.00
727.0 1189.0 0.00 0.00
755.0 806.0 0.00 0.00
1622.0 992.0 0.00 0.00
1184.0 47.0 0.00 0.00
917.0 830.0 0.00 0.00
126.0 910.0 0.00 0.00
1310.0 175.0 0.00 0.00
1060.0 657.0 0.00 0.00
47.0 831.0 0.00 0.00
1287.0 873.0 0.00 0.00
1182.0 877.0 0.00 0.00
975.0 322.0 0.00 0.00
1638.0 954.0 0.00 0.00
1661.0 985.0 0.00 0.00
667.0 462.0 0.00 0.00
959.0 776.0 0.00 0.00
575.0 495.0 0.00 0.00
1047.0 631.0 0.00 0.00
1775.0 818.0 0.00 0.00
972.0 388.0 0.00 0.00
127.0 993.0 0.00 0.00
847.0 655.0 0.00 0.00
528.0 808.0 0.00 0.00
369.0 1146.0 0.00 0.00
726.0 899.0 0.00 0.00
360.0 65.0 0.00 0.00
1600.0 901.0 0.00 0.00
633.0 1164.0 0.00 0.00
1232.0 927.0 0.00 0.00
1535.0 917.0 0.00 0.00
599.0 88.0 0.00 0.00
459.0 951.0 0.00 0.00
1630.0 183.0 0.00 0.00
1080.0 1177.0 0.00 0.00
375.0 163.0 0.00 0.00
1671.0 958.0 0.00 0.00
282.0 884.0 0.00 0.00
1663.0 400.0 0.00 0.00
101.0 749.0 0.00 0.00
1320.0 1173.0 0.00 0.00
599.0 168.0 0.00 0.00
211.0 758.0 0.00 0.00
1055.0 63.0 0.00 0.00
808.0 127.0 0.00 0.00
400.0 383.0 0.00 0.00
824.0 969.0 0.00 0.00
64.0 192.0 0.00 0.00
558.0 787.0 0.00 0.00
230.0 685.0 0.00 0.00
431.0 593.0 0.00 0.00
915.0 926.0 0.00 0.00
1616.0 725.0 0.00 0.00
1044.0 323.0 0.00 0.00
196.0 679.0 0.00 0.00
177.0 631.0 0.00 0.00
896.0 63.0 0.00 0.00
379.0 665.0 0.00 0.00
1344.0 95.0 0.00 0.00
1255.0 390.0 0.00 0.00
1138.0 474.0 0.00 0.00
228.0 933.0 0.00 0.00
1437.0 440.0 0.00 0.00
1520.0 671.0 0.00 0.00
1501.0 600.0 0.00 0.00
1180.0 531.0 0.00 0.00
1047.0 612.0 0.00 0.00
145.0 624.0 0.00 0.00
1013.0 925.0 0.00 0.00
951.0 264.0 0.00 0.00
1526.0 473.0 0.00 0.00
218.0 691.0 0.00 0.00
38.0 897.0 0.00 0.00
777.0 183.0 0.00 0.00
603.0 868.0 0.00 0.00
17.0 682.0 0.00 0.00
801.0 733.0 0.00 0.00
1087.0 779.0 0.00 0.00
631.0 626.0 0.00 0.00
885.0 926.0 0.00 0.00
1647.0 168.0 0.00 0.00
1413.0 16.0 0.00 0.00
1680.0 503.0 0.00 0.00
108.0 777.0 0.00 0.00
102.0 620.0 0.00 0.00
239.0 487.0 0.00 0.00
764.0 920.0 0.00 0.00
1542.0 900.0 0.00 0.00
376.0 1067.0 0.00 0.00
1327.0 646.0 0.00 0.00
527.0 145.0 0.00 0.00
166.0 768.0 0.00 0.00
276.0 907.0 0.00 0.00
1031.0 376.0 0.00 0.00
569.0 868.0 0.00 0.00
791.0 712.0 0.00 0.00
548.0 940.0 0.00 0.00
1445.0 177.0 0.00 0.00
13.0 705.0 0.00 0.00
1298.0 692.0 0.00 0.00
239.0 1189.0 0.00 0.00
814.0 159.0 0.00 0.00
1749.0 735.0 0.00 0.00
619.0 733.0 0.00 0.00
392.0 311.0 0.00 0.00
392.0 1144.0 0.00 0.00
463.0 415.0 0.00 0.00
618.0 687.0 0.00 0.00
915.0 901.0 0.00 0.00
214.0 700.0 0.00 0.00
992.0 468.0 0.00 0.00
231.0 724.0 0.00 0.00
1159.0 168.0 0.00 0.00
661.0 728.0 0.00 0.00
777.0 891.0 0.00 0.00
802.0 615.0 0.00 0.00
781.0 223.0 0.00 0.00
164.0 657.0 0.00 0.00
1633.0 473.0 0.00 0.00
136.0 913.0 0.00 0.00
278.0 818.0 0.00 0.00
839.0 96.0 0.00 0.00
566.0 802.0 0.00 0.00
1775.0 83.0 0.00 0.00
413.0 680.0 0.00 0.00
97.0 143.0 0.00 0.00
193.0 733.0 0.00 0.00
257.0 544.0 0.00 0.00
1184.0 952.0 0.00 0.00
1242.0 520.0 0.00 0.00
279.0 698.0 0.00 0.00
1043.0 904.0 0.00 0.00
312.0 730.0 0.00 0.00
1073.0 345.0 0.00 0.00
447.0 464.0 0.00 0.00
239.0 551.0 0.00 0.00
580.0 713.0 0.00 0.00
1485.0 611.0 0.00 0.00
114.0 962.0 0.00 0.00
1591.0 384.0 0.00 0.00
1027.0 691.0 0.00 0.00
309.0 652.0 0.00 0.00
244.0 877.0 0.00 0.00
798.0 902.0 0.00 0.00
167.0 678.0 0.00 0.00
1671.0 655.0 0.00 0.00
225.0 699.0 0.00 0.00
1776.0 630.0 0.00 0.00
607.0 224.0 0.00 0.00
1104.0 779.0 0.00 0.00
1679.0 352.0 0.00 0.00
1488.0 280.0 0.00 0.00
181.0 641.0 0.00 0.00
932.0 794.0 0.00 0.00
1157.0 865.0 0.00 0.00
455.0 480.0 0.00 0.00
1471.0 452.0 0.00 0.00
1705.0 570.0 0.00 0.00
283.0 720.0 0.00 0.00
1615.0 680.0 0.00 0.00
183.0 167.0 0.00 0.00
520.0 163.0 0.00 0.00
941.0 848.0 0.00 0.00
843.0 663.0 0.00 0.00
952.0 1144.0 0.00 0.00
783.0 364.0 0.00 0.00
1130.0 912.0 0.00 0.00
980.0 708.0 0.00 0.00
947.0 900.0 0.00 0.00
1454.0 1137.0 0.00 0.00
457.0 200.0 0.00 0.00
386.0 1188.0 0.00 0.00
1069.0 175.0 0.00 0.00
726.0 746.0 0.00 0.00
602.0 898.0 0.00 0.00
1537.0 376.0 0.00 0.00
1512.0 870.0 0.00 0.00
743.0 377.0 0.00 0.00
1055.0 1175.0 0.00 0.00
1043.0 914.0 0.00 0.00
1188.0 833.0 0.00 0.00
1032.0 55.0 0.00 0.00
693.0 1148.0 0.00 0.00
830.0 716.0 0.00 0.00
992.0 207.0 0.00 0.00
1697.0 830.0 0.00 0.00
595.0 961.0 0.00 0.00
237.0 933.0 0.00 0.00
451.0 952.0 0.00 0.00
815.0 104.0 0.00 0.00
191.0 954.0 0.00 0.00
214.0 261.0 0.00 0.00
1600.0 391.0 0.00 0.00
657.0 834.0 0.00 0.00
1687.0 336.0 0.00 0.00
208.0 591.0 0.00 0.00
1760.0 37.0 0.00 0.00
604.0 980.0 0.00 0.00
296.0 528.0 0.00 0.00
858.0 901.0 0.00 0.00
72.0 803.0 0.00 0.00
920.0 985.0 0.00 0.00
1380.0 128.0 0.00 0.00
1263.0 655.0 0.00 0.00
43.0 713.0 0.00 0.00
604.0 617.0 0.00 0.00
1199.0 640.0 0.00 0.00
931.0 852.0 0.00 0.00
138.0 721.0 0.00 0.00
986.0 462.0 0.00 0.00
367.0 256.0 0.00 0.00
1684.0 56.0 0.00 0.00
1700.0 732.0 0.00 0.00
799.0 794.0 0.00 0.00
1711.0 473.0 0.00 0.00
1554.0 844.0 0.00 0.00
399.0 615.0 0.00 0.00
923.0 698.0 0.00 0.00
502.0 784.0 0.00 0.00
47.0 791.0 0.00 0.00
513.0 592.0 0.00 0.00
1791.0 936.0 0.00 0.00
393.0 647.0 0.00 0.00
397.0 640.0 0.00 0.00
781.0 1162.0 0.00 0.00
943.0 177.0 0.00 0.00
496.0 47.0 0.00 0.00
527.0 215.0 0.00 0.00
60.0 709.0 0.00 0.00
383.0 595.0 0.00 0.00
327.0 65.0 0.00 0.00
499.0 879.0 0.00 0.00
278.0 933.0 0.00 0.00
662.0 702.0 0.00 0.00
337.0 711.0 0.00 0.00
21.0 648.0 0.00 0.00
909.0 948.0 0.00 0.00
1012.0 866.0 0.00 0.00
286.0 897.0 0.00 0.00
640.0 151.0 0.00 0.00
1551.0 240.0 0.00 0.00
1037.0 779.0 0.00 0.00
1011.0 711.0 0.00 0.00
39.0 751.0 0.00 0.00
112.0 81.0 0.00 0.00
1738.0 736.0 0.00 0.00
851.0 503.0 0.00 0.00
1237.0 520.0 0.00 0.00
37.0 779.0 0.00 0.00
120.0 953.0 0.00 0.00
382.0 723.0 0.00 0.00
472.0 403.0 0.00 0.00
1471.0 432.0 0.00 0.00
518.0 735.0 0.00 0.00
723.0 776.0 0.00 0.00
587.0 847.0 0.00 0.00
1551.0 135.0 0.00 0.00
1340.0 964.0 0.00 0.00
335.0 591.0 0.00 0.00
248.0 847.0 0.00 0.00
1287.0 656.0 0.00 0.00
629.0 902.0 0.00 0.00
456.0 881.0 0.00 0.00
1709.0 721.0 0.00 0.00
813.0 1171.0 0.00 0.00
1301.0 609.0 0.00 0.00
1414.0 136.0 0.00 0.00
391.0 706.0 0.00 0.00
315.0 719.0 0.00 0.00
1096.0 56.0 0.00 0.00
1191.0 191.0 0.00 0.00
89.0 614.0 0.00 0.00
964.0 24.0 0.00 0.00
1400.0 145.0 0.00 0.00
607.0 625.0 0.00 0.00
564.0 754.0 0.00 0.00
347.0 643.0 0.00 0.00
889.0 948.0 0.00 0.00
719.0 996.0 0.00 0.00
40.0 970.0 0.00 0.00
250.0 864.0 0.00 0.00
1200.0 95.0 0.00 0.00
63.0 643.0 0.00 0.00
270.0 896.0 0.00 0.00
1103.0 594.0 0.00 0.00
1255.0 954.0 0.00 0.00
14.0 480.0 0.00 0.00
575.0 427.0 0.00 0.00
1144.0 175.0 0.00 0.00
1380.0 376.0 0.00 0.00
160.0 431.0 0.00 0.00
251.0 994.0 0.00 0.00
389.0 424.0 0.00 0.00
1648.0 327.0 0.00 0.00
1652.0 900.0 0.00 0.00
876.0 1040.0 0.00 0.00
1319.0 576.0 0.00 0.00
593.0 232.0 0.00 0.00
1086.0 706.0 0.00 0.00
159.0 865.0 0.00 0.00
916.0 889.0 0.00 0.00
744.0 67.0 0.00 0.00
366.0 559.0 0.00 0.00
846.0 911.0 0.00 0.00
26.0 882.0 0.00 0.00
72.0 463.0 0.00 0.00
81.0 942.0 0.00 0.00
502.0 705.0 0.00 0.00
863.0 97.0 0.00 0.00
840.0 135.0 0.00 0.00
635.0 689.0 0.00 0.00
1664.0 175.0 0.00 0.00
1733.0 567.0 0.00 0.00
148.0 714.0 0.00 0.00
1219.0 718.0 0.00 0.00
1584.0 415.0 0.00 0.00
1455.0 812.0 0.00 0.00
1369.0 325.0 0.00 0.00
534.0 981.0 0.00 0.00
1503.0 112.0 0.00 0.00
757.0 824.0 0.00 0.00
828.0 827.0 0.00 0.00
513.0 879.0 0.00 0.00
521.0 311.0 0.00 0.00
934.0 144.0 0.00 0.00
1407.0 187.0 0.00 0.00
185.0 624.0 0.00 0.00
1359.0 167.0 0.00 0.00
1358.0 735.0 0.00 0.00
269.0 633.0 0.00 0.00
487.0 252.0 0.00 0.00
127.0 397.0 0.00 0.00
1047.0 626.0 0.00 0.00
1552.0 415.0 0.00 0.00
1411.0 836.0 0.00 0.00
915.0 960.0 0.00 0.00
63.0 512.0 0.00 0.00
1097.0 755.0 0.00 0.00
689.0 129.0 0.00 0.00
1696.0 23.0 0.00 0.00
1073.0 462.0 0.00 0.00
90.0 748.0 0.00 0.00
559.0 31.0 0.00 0.00
1319.0 120.0 0.00 0.00
1203.0 327.0 0.00 0.00
209.0 31.0 0.00 0.00
98.0 772.0 0.00 0.00
1696.0 174.0 0.00 0.00
12.0 855.0 0.00 0.00
1207.0 23.0 0.00 0.00
1450.0 696.0 0.00 0.00
1647.0 359.0 0.00 0.00
591.0 488.0 0.00 0.00
747.0 665.0 0.00 0.00
838.0 876.0 0.00 0.00
1084.0 464.0 0.00 0.00
1600.0 155.0 0.00 0.00
783.0 173.0 0.00 0.00
472.0 96.0 0.00 0.00
64.0 391.0 0.00 0.00
1651.0 450.0 0.00 0.00
579.0 915.0 0.00 0.00
1592.0 915.0 0.00 0.00
757.0 168.0 0.00 0.00
507.0 891.0 0.00 0.00
304.0 551.0 0.00 0.00
175.0 311.0 0.00 0.00
927.0 271.0 0.00 0.00
670.0 666.0 0.00 0.00
1056.0 770.0 0.00 0.00
447.0 615.0 0.00 0.00
1332.0 737.0 0.00 0.00
855.0 440.0 0.00 0.00
131.0 772.0 0.00 0.00
1684.0 327.0 0.00 0.00
766.0 710.0 0.00 0.00
1617.0 786.0 0.00 0.00
1113.0 700.0 0.00 0.00
548.0 883.0 0.00 0.00
504.0 616.0 0.00 0.00
661.0 56.0 0.00 0.00
304.0 669.0 0.00 0.00
144.0 383.0 0.00 0.00
15.0 432.0 0.00 0.00
1013.0 947.0 0.00 0.00
1527.0 320.0 0.00 0.00
1758.0 575.0 0.00 0.00
1343.0 135.0 0.00 0.00
506.0 88.0 0.00 0.00
124.0 930.0 0.00 0.00
192.0 769.0 0.00 0.00
1688.0 400.0 0.00 0.00
71.0 351.0 0.00 0.00
1589.0 473.0 0.00 0.00
154.0 793.0 0.00 0.00
1375.0 96.0 0.00 0.00
1015.0 679.0 0.00 0.00
1671.0 216.0 0.00 0.00
1348.0 904.0 0.00 0.00
1226.0 1179.0 0.00 0.00
1255.0 924.0 0.00 0.00
1374.0 167.0 0.00 0.00
541.0 831.0 0.00 0.00
1279.0 956.0 0.00 0.00
758.0 67.0 0.00 0.00
1448.0 47.0 0.00 0.00
1295.0 543.0 0.00 0.00
223.0 985.0 0.00 0.00
268.0 910.0 0.00 0.00
590.0 807.0 0.00 0.00
301.0 935.0 0.00 0.00
11.0 846.0 0.00 0.00
1190.0 876.0 0.00 0.00
887.0 827.0 0.00 0.00
102.0 738.0 0.00 0.00
984.0 778.0 0.00 0.00
229.0 923.0 0.00 0.00
580.0 921.0 0.00 0.00
216.0 864.0 0.00 0.00
752.0 727.0 0.00 0.00
176.0 424.0 0.00 0.00
629.0 264.0 0.00 0.00
72.0 555.0 0.00 0.00
1114.0 462.0 0.00 0.00
417.0 669.0 0.00 0.00
1220.0 992.0 0.00 0.00
340.0 945.0 0.00 0.00
88.0 528.0 0.00 0.00
475.0 415.0 0.00 0.00
1759.0 717.0 0.00 0.00
932.0 862.0 0.00 0.00
394.0 280.0 0.00 0.00
863.0 958.0 0.00 0.00
767.0 79.0 0.00 0.00
1022.0 940.0 0.00 0.00
730.0 144.0 0.00 0.00
1648.0 301.0 0.00 0.00
1229.0 827.0 0.00 0.00
481.0 938.0 0.00 0.00
879.0 17.0 0.00 0.00
48.0 1156.0 0.00 0.00
1256.0 236.0 0.00 0.00
1418.0 344.0 0.00 0.00
244.0 892.0 0.00 0.00
665.0 849.0 0.00 0.00
662.0 329.0 0.00 0.00
866.0 913.0 0.00 0.00
1151.0 31.0 0.00 0.00
447.0 136.0 0.00 0.00
817.0 926.0 0.00 0.00
278.0 456.0 0.00 0.00
304.0 430.0 0.00 0.00
1328.0 23.0 0.00 0.00
454.0 667.0 0.00 0.00
1296.0 72.0 0.00 0.00
382.0 716.0 0.00 0.00
336.0 621.0 0.00 0.00
311.0 239.0 0.00 0.00
304.0 367.0 0.00 0.00
1608.0 449.0 0.00 0.00
508.0 677.0 0.00 0.00
1489.0 119.0 0.00 0.00
884.0 872.0 0.00 0.00
56.0 337.0 0.00 0.00
936.0 222.0 0.00 0.00
64.0 174.0 0.00 0.00
208.0 207.0 0.00 0.00
656.0 279.0 0.00 0.00
335.0 851.0 0.00 0.00
1575.0 103.0 0.00 0.00
1374.0 594.0 0.00 0.00
59.0 463.0 0.00 0.00
1645.0 634.0 0.00 0.00
1359.0 136.0 0.00 0.00
391.0 691.0 0.00 0.00
703.0 144.0 0.00 0.00
977.0 777.0 0.00 0.00
232.0 637.0 0.00 0.00
1720.0 106.0 0.00 0.00
305.0 10.0 0.00 0.00
1232.0 145.0 0.00 0.00
938.0 669.0 0.00 0.00
761.0 327.0 0.00 0.00
1599.0 408.0 0.00 0.00
476.0 658.0 0.00 0.00
273.0 90.0 0.00 0.00
1634.0 791.0 0.00 0.00
992.0 64.0 0.00 0.00
8.0 832.0 0.00 0.00
997.0 713.0 0.00 0.00
1664.0 71.0 0.00 0.00
1725.0 550.0 0.00 0.00
1056.0 71.0 0.00 0.00
1471.0 417.0 0.00 0.00
167.0 472.0 0.00 0.00
1716.0 473.0 0.00 0.00
847.0 607.0 0.00 0.00
824.0 637.0 0.00 0.00
652.0 365.0 0.00 0.00
887.0 528.0 0.00 0.00
832.0 703.0 0.00 0.00
933.0 989.0 0.00 0.00
335.0 8.0 0.00 0.00
864.0 740.0 0.00 0.00
770.0 861.0 0.00 0.00
188.0 786.0 0.00 0.00
225.0 676.0 0.00 0.00
37.0 773.0 0.00 0.00
839.0 675.0 0.00 0.00
959.0 279.0 0.00 0.00
1077.0 1186.0 0.00 0.00
1743.0 55.0 0.00 0.00
1243.0 639.0 0.00 0.00
869.0 528.0 0.00 0.00
1540.0 803.0 0.00 0.00
566.0 919.0 0.00 0.00
96.0 434.0 0.00 0.00
777.0 849.0 0.00 0.00
215.0 896.0 0.00 0.00
320.0 744.0 0.00 0.00
180.0 946.0 0.00 0.00
676.0 1161.0 0.00 0.00
328.0 174.0 0.00 0.00
599.0 512.0 0.00 0.00
646.0 79.0 0.00 0.00
1323.0 633.0 0.00 0.00
334.0 432.0 0.00 0.00
1478.0 504.0 0.00 0.00
50.0 511.0 0.00 0.00
328.0 855.0 0.00 0.00
271.0 551.0 0.00 0.00
511.0 400.0 0.00 0.00
632.0 632.0 0.00 0.00
1012.0 666.0 0.00 0.00
847.0 83.0 0.00 0.00
1243.0 920.0 0.00 0.00
1239.0 79.0 0.00 0.00
1585.0 846.0 0.00 0.00
926.0 355.0 0.00 0.00
1171.0 327.0 0.00 0.00
1174.0 1174.0 0.00 0.00
1202.0 416.0 0.00 0.00
552.0 272.0 0.00 0.00
102.0 860.0 0.00 0.00
1296.0 83.0 0.00 0.00
1196.0 980.0 0.00 0.00
794.0 364.0 0.00 0.00
1061.0 563.0 0.00 0.00
115.0 992.0 0.00 0.00
1057.0 969.0 0.00 0.00
352.0 134.0 0.00 0.00
667.0 439.0 0.00 0.00
46.0 858.0 0.00 0.00
789.0 624.0 0.00 0.00
887.0 717.0 0.00 0.00
535.0 8.0 0.00 0.00
497.0 63.0 0.00 0.00
417.0 788.0 0.00 0.00
70.0 755.0 0.00 0.00
473.0 640.0 0.00 0.00
816.0 954.0 0.00 0.00
187.0 1178.0 0.00 0.00
1214.0 1187.0 0.00 0.00
1181.0 855.0 0.00 0.00
839.0 808.0 0.00 0.00
407.0 583.0 0.00 0.00
911.0 489.0 0.00 0.00
703.0 311.0 0.00 0.00
799.0 840.0 0.00 0.00
1582.0 953.0 0.00 0.00
688.0 55.0 0.00 0.00
1191.0 887.0 0.00 0.00
23.0 232.0 0.00 0.00
8.0 559.0 0.00 0.00
236.0 620.0 0.00 0.00
1264.0 236.0 0.00 0.00
1430.0 191.0 0.00 0.00
455.0 56.0 0.00 0.00
536.0 32.0 0.00 0.00
988.0 752.0 0.00 0.00
407.0 288.0 0.00 0.00
237.0 723.0 0.00 0.00
830.0 729.0 0.00 0.00
983.0 391.0 0.00 0.00
1633.0 576.0 0.00 0.00
463.0 112.0 0.00 0.00
318.0 631.0 0.00 0.00
1644.0 799.0 0.00 0.00
1063.0 161.0 0.00 0.00
1482.0 638.0 0.00 0.00
1444.0 945.0 0.00 0.00
280.0 281.0 0.00 0.00
1183.0 216.0 0.00 0.00
1024.0 669.0 0.00 0.00
1023.0 460.0 0.00 0.00
1230.0 712.0 0.00 0.00
1724.0 693.0 0.00 0.00
433.0 151.0 0.00 0.00
584.0 167.0 0.00 0.00
1626.0 822.0 0.00 0.00
739.0 716.0 0.00 0.00
806.0 928.0 0.00 0.00
1453.0 24.0 0.00 0.00
1290.0 957.0 0.00 0.00
1668.0 896.0 0.00 0.00
130.0 637.0 0.00 0.00
1680.0 175.0 0.00 0.00
122.0 898.0 0.00 0.00
1257.0 224.0 0.00 0.00
1654.0 1079.0 0.00 0.00
871.0 354.0 0.00 0.00
1615.0 64.0 0.00 0.00
1487.0 351.0 0.00 0.00
996.0 701.0 0.00 0.00
37.0 911.0 0.00 0.00
1167.0 688.0 0.00 0.00
1323.0 855.0 0.00 0.00
1391.0 151.0 0.00 0.00
1599.0 52.0 0.00 0.00
1142.0 466.0 0.00 0.00
1400.0 92.0 0.00 0.00
633.0 850.0 0.00 0.00
170.0 991.0 0.00 0.00
732.0 118.0 0.00 0.00
823.0 567.0 0.00 0.00
1559.0 64.0 0.00 0.00
501.0 625.0 0.00 0.00
1627.0 168.0 0.00 0.00
788.0 364.0 0.00 0.00
1288.0 905.0 0.00 0.00
154.0 676.0 0.00 0.00
1649.0 311.0 0.00 0.00
1303.0 964.0 0.00 0.00
424.0 240.0 0.00 0.00
776.0 925.0 0.00 0.00
1569.0 112.0 0.00 0.00
212.0 910.0 0.00 0.00
1064.0 725.0 0.00 0.00
1608.0 11.0 0.00 0.00
660.0 780.0 0.00 0.00
503.0 600.0 0.00 0.00
1745.0 694.0 0.00 0.00
850.0 710.0 0.00 0.00
389.0 574.0 0.00 0.00
788.0 1154.0 0.00 0.00
917.0 747.0 0.00 0.00
255.0 575.0 0.00 0.00
1320.0 379.0 0.00 0.00
1230.0 17.0 0.00 0.00
1170.0 363.0 0.00 0.00
1332.0 686.0 0.00 0.00
163.0 698.0 0.00 0.00
154.0 637.0 0.00 0.00
608.0 302.0 0.00 0.00
1422.0 977.0 0.00 0.00
547.0 703.0 0.00 0.00
536.0 415.0 0.00 0.00
1704.0 662.0 0.00 0.00
262.0 715.0 0.00 0.00
440.0 360.0 0.00 0.00
1395.0 328.0 0.00 0.00
234.0 757.0 0.00 0.00
754.0 640.0 0.00 0.00
816.0 71.0 0.00 0.00
463.0 448.0 0.00 0.00
847.0 68.0 0.00 0.00
217.0 668.0 0.00 0.00
1672.0 327.0 0.00 0.00
1048.0 119.0 0.00 0.00
1013.0 884.0 0.00 0.00
1100.0 466.0 0.00 0.00
1786.0 473.0 0.00 0.00
1313.0 631.0 0.00 0.00
776.0 873.0 0.00 0.00
524.0 845.0 0.00 0.00
159.0 735.0 0.00 0.00
88.0 911.0 0.00 0.00
1520.0 927.0 0.00 0.00
167.0 416.0 0.00 0.00
1302.0 996.0 0.00 0.00
448.0 193.0 0.00 0.00
192.0 464.0 0.00 0.00
15.0 296.0 0.00 0.00
1205.0 388.0 0.00 0.00
769.0 1122.0 0.00 0.00
320.0 728.0 0.00 0.00
1140.0 824.0 0.00 0.00
1444.0 579.0 0.00 0.00
589.0 784.0 0.00 0.00
574.0 343.0 0.00 0.00
1656.0 350.0 0.00 0.00
639.0 169.0 0.00 0.00
256.0 862.0 0.00 0.00
512.0 145.0 0.00 0.00
840.0 354.0 0.00 0.00
754.0 223.0 0.00 0.00
555.0 899.0 0.00 0.00
600.0 111.0 0.00 0.00
276.0 1191.0 0.00 0.00
504.0 814.0 0.00 0.00
1423.0 215.0 0.00 0.00
383.0 343.0 0.00 0.00
1337.0 708.0 0.00 0.00
492.0 890.0 0.00 0.00
1277.0 699.0 0.00 0.00
642.0 381.0 0.00 0.00
1161.0 952.0 0.00 0.00
340.0 668.0 0.00 0.00
1377.0 966.0 0.00 0.00
140.0 24.0 0.00 0.00
663.0 309.0 0.00 0.00
747.0 316.0 0.00 0.00
1089.0 145.0 0.00 0.00
1042.0 854.0 0.00 0.00
1511.0 416.0 0.00 0.00
769.0 272.0 0.00 0.00
169.0 706.0 0.00 0.00
1486.0 248.0 0.00 0.00
857.0 378.0 0.00 0.00
168.0 571.0 0.00 0.00
480.0 473.0 0.00 0.00
1641.0 969.0 0.00 0.00
116.0 740.0 0.00 0.00
447.0 127.0 0.00 0.00
544.0 79.0 0.00 0.00
551.0 473.0 0.00 0.00
1264.0 378.0 0.00 0.00
1271.0 565.0 0.00 0.00
1511.0 375.0 0.00 0.00
145.0 722.0 0.00 0.00
1535.0 344.0 0.00 0.00
1767.0 155.0 0.00 0.00
764.0 175.0 0.00 0.00
1712.0 826.0 0.00 0.00
503.0 447.0 0.00 0.00
373.0 622.0 0.00 0.00
207.0 232.0 0.00 0.00
1424.0 316.0 0.00 0.00
551.0 993.0 0.00 0.00
479.0 865.0 0.00 0.00
1791.0 949.0 0.00 0.00
125.0 802.0 0.00 0.00
1038.0 562.0 0.00 0.00
1543.0 256.0 0.00 0.00
551.0 119.0 0.00 0.00
296.0 294.0 0.00 0.00
623.0 947.0 0.00 0.00
274.0 583.0 0.00 0.00
600.0 180.0 0.00 0.00
1439.0 239.0 0.00 0.00
208.0 422.0 0.00 0.00
258.0 786.0 0.00 0.00
490.0 72.0 0.00 0.00
1311.0 160.0 0.00 0.00
864.0 67.0 0.00 0.00
495.0 376.0 0.00 0.00
312.0 391.0 0.00 0.00
777.0 826.0 0.00 0.00
1548.0 359.0 0.00 0.00
1070.0 771.0 0.00 0.00
624.0 70.0 0.00 0.00
1046.0 539.0 0.00 0.00
613.0 633.0 0.00 0.00
1559.0 130.0 0.00 0.00
1610.0 49.0 0.00 0.00
1056.0 760.0 0.00 0.00
911.0 135.0 0.00 0.00
213.0 722.0 0.00 0.00
201.0 634.0 0.00 0.00
167.0 864.0 0.00 0.00
248.0 124.0 0.00 0.00
341.0 915.0 0.00 0.00
814.0 594.0 0.00 0.00
1687.0 902.0 0.00 0.00
1422.0 183.0 0.00 0.00
1695.0 375.0 0.00 0.00
800.0 171.0 0.00 0.00
1576.0 1191.0 0.00 0.00
1678.0 473.0 0.00 0.00
479.0 349.0 0.00 0.00
664.0 885.0 0.00 0.00
633.0 831.0 0.00 0.00
439.0 296.0 0.00 0.00
885.0 510.0 0.00 0.00
528.0 179.0 0.00 0.00
15.0 215.0 0.00 0.00
786.0 901.0 0.00 0.00
670.0 719.0 0.00 0.00
1527.0 167.0 0.00 0.00
327.0 872.0 0.00 0.00
203.0 806.0 0.00 0.00
1329.0 671.0 0.00 0.00
1628.0 546.0 0.00 0.00
246.0 798.0 0.00 0.00
893.0 474.0 0.00 0.00
329.0 921.0 0.00 0.00
709.0 414.0 0.00 0.00
1632.0 360.0 0.00 0.00
1595.0 723.0 0.00 0.00
571.0 694.0 0.00 0.00
1088.0 175.0 0.00 0.00
1019.0 701.0 0.00 0.00
1039.0 224.0 0.00 0.00
1153.0 778.0 0.00 0.00
1521.0 366.0 0.00 0.00
390.0 666.0 0.00 0.00
331.0 1168.0 0.00 0.00
1568.0 356.0 0.00 0.00
288.0 55.0 0.00 0.00
1077.0 456.0 0.00 0.00
303.0 924.0 0.00 0.00
1339.0 556.0 0.00 0.00
1037.0 1173.0 0.00 0.00
79.0 555.0 0.00 0.00
1180.0 834.0 0.00 0.00
242.0 652.0 0.00 0.00
399.0 360.0 0.00 0.00
818.0 829.0 0.00 0.00
858.0 848.0 0.00 0.00
1387.0 88.0 0.00 0.00
1442.0 536.0 0.00 0.00
811.0 424.0 0.00 0.00
335.0 535.0 0.00 0.00
1369.0 385.0 0.00 0.00
1373.0 546.0 0.00 0.00
917.0 757.0 0.00 0.00
447.0 589.0 0.00 0.00
393.0 472.0 0.00 0.00
840.0 111.0 0.00 0.00
732.0 364.0 0.00 0.00
1471.0 437.0 0.00 0.00
902.0 968.0 0.00 0.00
1615.0 153.0 0.00 0.00
828.0 852.0 0.00 0.00
830.0 567.0 0.00 0.00
1033.0 759.0 0.00 0.00
222.0 1037.0 0.00 0.00
527.0 559.0 0.00 0.00
303.0 24.0 0.00 0.00
1158.0 815.0 0.00 0.00
272.0 272.0 0.00 0.00
591.0 279.0 0.00 0.00
1449.0 707.0 0.00 0.00
520.0 384.0 0.00 0.00
559.0 47.0 0.00 0.00
1260.0 685.0 0.00 0.00
804.0 705.0 0.00 0.00
552.0 568.0 0.00 0.00
1128.0 812.0 0.00 0.00
888.0 673.0 0.00 0.00
1445.0 631.0 0.00 0.00
583.0 772.0 0.00 0.00
1062.0 461.0 0.00 0.00
65.0 908.0 0.00 0.00
1325.0 934.0 0.00 0.00
1369.0 456.0 0.00 0.00
1731.0 1184.0 0.00 0.00
723.0 879.0 0.00 0.00
1519.0 407.0 0.00 0.00
1562.0 651.0 0.00 0.00
1765.0 965.0 0.00 0.00
787.0 1175.0 0.00 0.00
776.0 919.0 0.00 0.00
367.0 960.0 0.00 0.00
52.0 956.0 0.00 0.00
1266.0 558.0 0.00 0.00
838.0 899.0 0.00 0.00
261.0 871.0 0.00 0.00
1296.0 589.0 0.00 0.00
1144.0 433.0 0.00 0.00
142.0 693.0 0.00 0.00
916.0 8.0 0.00 0.00
1423.0 853.0 0.00 0.00
1639.0 131.0 0.00 0.00
1095.0 703.0 0.00 0.00
194.0 614.0 0.00 0.00
248.0 487.0 0.00 0.00
1024.0 222.0 0.00 0.00
1623.0 352.0 0.00 0.00
841.0 608.0 0.00 0.00
1247.0 191.0 0.00 0.00
1057.0 960.0 0.00 0.00
1147.0 656.0 0.00 0.00
1348.0 635.0 0.00 0.00
1458.0 891.0 0.00 0.00
1599.0 799.0 0.00 0.00
1143.0 513.0 0.00 0.00
124.0 620.0 0.00 0.00
535.0 164.0 0.00 0.00
1775.0 849.0 0.00 0.00
128.0 352.0 0.00 0.00
479.0 574.0 0.00 0.00
546.0 455.0 0.00 0.00
785.0 657.0 0.00 0.00
207.0 64.0 0.00 0.00
416.0 576.0 0.00 0.00
97.0 395.0 0.00 0.00
327.0 736.0 0.00 0.00
1619.0 121.0 0.00 0.00
687.0 190.0 0.00 0.00
232.0 320.0 0.00 0.00
1395.0 223.0 0.00 0.00
21.0 925.0 0.00 0.00
309.0 980.0 0.00 0.00
191.0 797.0 0.00 0.00
1344.0 86.0 0.00 0.00
668.0 453.0 0.00 0.00
240.0 455.0 0.00 0.00
1472.0 463.0 0.00 0.00
1457.0 864.0 0.00 0.00
1295.0 143.0 0.00 0.00
1035.0 769.0 0.00 0.00
1332.0 251.0 0.00 0.00
710.0 974.0 0.00 0.00
1367.0 216.0 0.00 0.00
306.0 932.0 0.00 0.00
1329.0 678.0 0.00 0.00
431.0 189.0 0.00 0.00
1207.0 786.0 0.00 0.00
231.0 994.0 0.00 0.00
1255.0 508.0 0.00 0.00
1614.0 303.0 0.00 0.00
1617.0 796.0 0.00 0.00
751.0 960.0 0.00 0.00
1180.0 785.0 0.00 0.00
276.0 993.0 0.00 0.00
1735.0 152.0 0.00 0.00
15.0 496.0 0.00 0.00
799.0 87.0 0.00 0.00
160.0 206.0 0.00 0.00
1079.0 264.0 0.00 0.00
1128.0 144.0 0.00 0.00
116.0 1189.0 0.00 0.00
1239.0 769.0 0.00 0.00
732.0 894.0 0.00 0.00
1018.0 658.0 0.00 0.00
383.0 88.0 0.00 0.00
1234.0 961.0 0.00 0.00
108.0 960.0 0.00 0.00
1040.0 616.0 0.00 0.00
1631.0 311.0 0.00 0.00
31.0 431.0 0.00 0.00
78.0 241.0 0.00 0.00
424.0 263.0 0.00 0.00
48.0 127.0 0.00 0.00
1403.0 690.0 0.00 0.00
1680.0 344.0 0.00 0.00
1280.0 247.0 0.00 0.00
1239.0 266.0 0.00 0.00
580.0 64.0 0.00 0.00
95.0 407.0 0.00 0.00
234.0 642.0 0.00 0.00
575.0 567.0 0.00 0.00
414.0 739.0 0.00 0.00
817.0 936.0 0.00 0.00
271.0 55.0 0.00 0.00
48.0 463.0 0.00 0.00
200.0 647.0 0.00 0.00
286.0 676.0 0.00 0.00
959.0 583.0 0.00 0.00
568.0 48.0 0.00 0.00
415.0 633.0 0.00 0.00
610.0 663.0 0.00 0.00
47.0 479.0 0.00 0.00
1255.0 47.0 0.00 0.00
568.0 531.0 0.00 0.00
1763.0 590.0 0.00 0.00
1321.0 651.0 0.00 0.00
1430.0 352.0 0.00 0.00
1024.0 111.0 0.00 0.00
1009.0 56.0 0.00 0.00
71.0 1037.0 0.00 0.00
962.0 643.0 0.00 0.00
575.0 586.0 0.00 0.00
1152.0 932.0 0.00 0.00
1608.0 930.0 0.00 0.00
212.0 648.0 0.00 0.00
628.0 684.0 0.00 0.00
848.0 364.0 0.00 0.00
833.0 404.0 0.00 0.00
850.0 355.0 0.00 0.00
112.0 415.0 0.00 0.00
1534.0 119.0 0.00 0.00
1415.0 877.0 0.00 0.00
1672.0 1189.0 0.00 0.00
1643.0 984.0 0.00 0.00
1711.0 79.0 0.00 0.00
470.0 617.0 0.00 0.00
1119.0 161.0 0.00 0.00
896.0 1159.0 0.00 0.00
470.0 706.0 0.00 0.00
304.0 336.0 0.00 0.00
456.0 384.0 0.00 0.00
1039.0 239.0 0.00 0.00
976.0 327.0 0.00 0.00
1013.0 911.0 0.00 0.00
1761.0 24.0 0.00 0.00
131.0 741.0 0.00 0.00
1567.0 152.0 0.00 0.00
333.0 641.0 0.00 0.00
245.0 205.0 0.00 0.00
206.0 954.0 0.00 0.00
884.0 363.0 0.00 0.00
560.0 901.0 0.00 0.00
660.0 742.0 0.00 0.00
1640.0 69.0 0.00 0.00
1119.0 209.0 0.00 0.00
160.0 496.0 0.00 0.00
815.0 411.0 0.00 0.00
634.0 840.0 0.00 0.00
703.0 159.0 0.00 0.00
1231.0 570.0 0.00 0.00
999.0 231.0 0.00 0.00
399.0 432.0 0.00 0.00
1342.0 987.0 0.00 0.00
1310.0 9.0 0.00 0.00
1712.0 327.0 0.00 0.00
560.0 159.0 0.00 0.00
1695.0 408.0 0.00 0.00
247.0 1044.0 0.00 0.00
1377.0 781.0 0.00 0.00
706.0 271.0 0.00 0.00
372.0 936.0 0.00 0.00
795.0 954.0 0.00 0.00
872.0 727.0 0.00 0.00
1123.0 505.0 0.00 0.00
369.0 889.0 0.00 0.00
909.0 784.0 0.00 0.00
201.0 864.0 0.00 0.00
904.0 106.0 0.00 0.00
1087.0 111.0 0.00 0.00
240.0 320.0 0.00 0.00
578.0 616.0 0.00 0.00
183.0 489.0 0.00 0.00
1216.0 858.0 0.00 0.00
368.0 671.0 0.00 0.00
1223.0 232.0 0.00 0.00
1379.0 799.0 0.00 0.00
1456.0 996.0 0.00 0.00
992.0 711.0 0.00 0.00
1755.0 866.0 0.00 0.00
616.0 949.0 0.00 0.00
399.0 63.0 0.00 0.00
599.0 191.0 0.00 0.00
1011.0 898.0 0.00 0.00
935.0 153.0 0.00 0.00
573.0 637.0 0.00 0.00
1511.0 311.0 0.00 0.00
376.0 368.0 0.00 0.00
1016.0 143.0 0.00 0.00
790.0 969.0 0.00 0.00
319.0 367.0 0.00 0.00
439.0 733.0 0.00 0.00
254.0 808.0 0.00 0.00
166.0 961.0 0.00 0.00
679.0 238.0 0.00 0.00
1423.0 277.0 0.00 0.00
28.0 576.0 0.00 0.00
1617.0 992.0 0.00 0.00
1479.0 328.0 0.00 0.00
311.0 416.0 0.00 0.00
1263.0 177.0 0.00 0.00
1531.0 561.0 0.00 0.00
1004.0 498.0 0.00 0.00
1568.0 288.0 0.00 0.00
559.0 456.0 0.00 0.00
1396.0 644.0 0.00 0.00
336.0 547.0 0.00 0.00
1399.0 77.0 0.00 0.00
569.0 126.0 0.00 0.00
1242.0 993.0 0.00 0.00
1056.0 615.0 0.00 0.00
535.0 935.0 0.00 0.00
141.0 770.0 0.00 0.00
1482.0 582.0 0.00 0.00
40.0 200.0 0.00 0.00
583.0 732.0 0.00 0.00
1163.0 1190.0 0.00 0.00
1568.0 367.0 0.00 0.00
1462.0 988.0 0.00 0.00
1445.0 759.0 0.00 0.00
943.0 363.0 0.00 0.00
856.0 955.0 0.00 0.00
224.0 579.0 0.00 0.00
31.0 311.0 0.00 0.00
464.0 627.0 0.00 0.00
719.0 287.0 0.00 0.00
508.0 968.0 0.00 0.00
615.0 159.0 0.00 0.00
495.0 289.0 0.00 0.00
580.0 700.0 0.00 0.00
1623.0 192.0 0.00 0.00
1281.0 766.0 0.00 0.00
1445.0 636.0 0.00 0.00
122.0 992.0 0.00 0.00
192.0 31.0 0.00 0.00
1623.0 111.0 0.00 0.00
1550.0 377.0 0.00 0.00
1599.0 432.0 0.00 0.00
1758.0 704.0 0.00 0.00
641.0 192.0 0.00 0.00
151.0 592.0 0.00 0.00
120.0 499.0 0.00 0.00
785.0 958.0 0.00 0.00
470.0 1188.0 0.00 0.00
399.0 135.0 0.00 0.00
1502.0 867.0 0.00 0.00
1606.0 506.0 0.00 0.00
288.0 463.0 0.00 0.00
120.0 89.0 0.00 0.00
294.0 873.0 0.00 0.00
1082.0 32.0 0.00 0.00
1592.0 372.0 0.00 0.00
476.0 647.0 0.00 0.00
521.0 947.0 0.00 0.00
1728.0 49.0 0.00 0.00
184.0 262.0 0.00 0.00
1311.0 889.0 0.00 0.00
63.0 303.0 0.00 0.00
263.0 200.0 0.00 0.00
1582.0 151.0 0.00 0.00
1617.0 791.0 0.00 0.00
495.0 311.0 0.00 0.00
175.0 592.0 0.00 0.00
507.0 311.0 0.00 0.00
1615.0 360.0 0.00 0.00
185.0 636.0 0.00 0.00
1030.0 388.0 0.00 0.00
202.0 668.0 0.00 0.00
1101.0 622.0 0.00 0.00
1560.0 347.0 0.00 0.00
1139.0 766.0 0.00 0.00
67.0 8.0 0.00 0.00
1374.0 364.0 0.00 0.00
1176.0 128.0 0.00 0.00
232.0 543.0 0.00 0.00
1274.0 477.0 0.00 0.00
1277.0 905.0 0.00 0.00
1775.0 177.0 0.00 0.00
239.0 810.0 0.00 0.00
1105.0 467.0 0.00 0.00
1040.0 432.0 0.00 0.00
1275.0 570.0 0.00 0.00
1056.0 240.0 0.00 0.00
136.0 543.0 0.00 0.00
934.0 279.0 0.00 0.00
339.0 761.0 0.00 0.00
387.0 584.0 0.00 0.00
883.0 1006.0 0.00 0.00
1422.0 255.0 0.00 0.00
672.0 152.0 0.00 0.00
295.0 688.0 0.00 0.00
1631.0 384.0 0.00 0.00
895.0 271.0 0.00 0.00
624.0 249.0 0.00 0.00
1470.0 388.0 0.00 0.00
581.0 127.0 0.00 0.00
764.0 724.0 0.00 0.00
629.0 1177.0 0.00 0.00
1168.0 208.0 0.00 0.00
722.0 363.0 0.00 0.00
1043.0 942.0 0.00 0.00
1552.0 1178.0 0.00 0.00
823.0 200.0 0.00 0.00
776.0 930.0 0.00 0.00
1304.0 555.0 0.00 0.00
230.0 831.0 0.00 0.00
779.0 1188.0 0.00 0.00
600.0 311.0 0.00 0.00
608.0 375.0 0.00 0.00
1458.0 875.0 0.00 0.00
992.0 217.0 0.00 0.00
177.0 463.0 0.00 0.00
1571.0 1177.0 0.00 0.00
1146.0 692.0 0.00 0.00
206.0 992.0 0.00 0.00
1289.0 588.0 0.00 0.00
1169.0 224.0 0.00 0.00
1614.0 767.0 0.00 0.00
920.0 86.0 0.00 0.00
1327.0 47.0 0.00 0.00
1527.0 343.0 0.00 0.00
1149.0 943.0 0.00 0.00
798.0 623.0 0.00 0.00
1047.0 1160.0 0.00 0.00
103.0 383.0 0.00 0.00
1328.0 591.0 0.00 0.00
1128.0 368.0 0.00 0.00
848.0 95.0 0.00 0.00
747.0 120.0 0.00 0.00
578.0 48.0 0.00 0.00
353.0 488.0 0.00 0.00
488.0 824.0 0.00 0.00
1127.0 464.0 0.00 0.00
170.0 855.0 0.00 0.00
1046.0 690.0 0.00 0.00
559.0 581.0 0.00 0.00
808.0 185.0 0.00 0.00
1060.0 576.0 0.00 0.00
575.0 95.0 0.00 0.00
447.0 207.0 0.00 0.00
1296.0 100.0 0.00 0.00
587.0 714.0 0.00 0.00
373.0 685.0 0.00 0.00
608.0 56.0 0.00 0.00
1136.0 989.0 0.00 0.00
633.0 119.0 0.00 0.00
427.0 640.0 0.00 0.00
1626.0 535.0 0.00 0.00
760.0 30.0 0.00 0.00
286.0 118.0 0.00 0.00
1512.0 8.0 0.00 0.00
352.0 559.0 0.00 0.00
465.0 483.0 0.00 0.00
620.0 754.0 0.00 0.00
491.0 599.0 0.00 0.00
1575.0 486.0 0.00 0.00
1664.0 308.0 0.00 0.00
382.0 638.0 0.00 0.00
360.0 455.0 0.00 0.00
778.0 684.0 0.00 0.00
1048.0 1183.0 0.00 0.00
256.0 375.0 0.00 0.00
217.0 311.0 0.00 0.00
15.0 424.0 0.00 0.00
684.0 318.0 0.00 0.00
621.0 520.0 0.00 0.00
9.0 782.0 0.00 0.00
1129.0 232.0 0.00 0.00
355.0 786.0 0.00 0.00
1343.0 285.0 0.00 0.00
672.0 324.0 0.00 0.00
319.0 538.0 0.00 0.00
271.0 431.0 0.00 0.00
497.0 391.0 0.00 0.00
1239.0 802.0 0.00 0.00
241.0 688.0 0.00 0.00
84.0 628.0 0.00 0.00
280.0 48.0 0.00 0.00
1107.0 145.0 0.00 0.00
1040.0 161.0 0.00 0.00
1384.0 363.0 0.00 0.00
1717.0 119.0 0.00 0.00
144.0 732.0 0.00 0.00
893.0 664.0 0.00 0.00
560.0 143.0 0.00 0.00
400.0 192.0 0.00 0.00
175.0 432.0 0.00 0.00
1180.0 808.0 0.00 0.00
1541.0 845.0 0.00 0.00
472.0 973.0 0.00 0.00
1456.0 105.0 0.00 0.00
648.0 39.0 0.00 0.00
384.0 353.0 0.00 0.00
789.0 644.0 0.00 0.00
527.0 385.0 0.00 0.00
207.0 908.0 0.00 0.00
1663.0 807.0 0.00 0.00
1753.0 969.0 0.00 0.00
262.0 909.0 0.00 0.00
757.0 344.0 0.00 0.00
868.0 798.0 0.00 0.00
874.0 741.0 0.00 0.00
1616.0 333.0 0.00 0.00
351.0 239.0 0.00 0.00
1296.0 63.0 0.00 0.00
1335.0 889.0 0.00 0.00
1319.0 646.0 0.00 0.00
574.0 687.0 0.00 0.00
1546.0 790.0 0.00 0.00
1663.0 387.0 0.00 0.00
1173.0 184.0 0.00 0.00
786.0 889.0 0.00 0.00
1672.0 159.0 0.00 0.00
1392.0 777.0 0.00 0.00
171.0 23.0 0.00 0.00
1066.0 981.0 0.00 0.00
591.0 583.0 0.00 0.00
573.0 159.0 0.00 0.00
1447.0 31.0 0.00 0.00
1269.0 959.0 0.00 0.00
334.0 669.0 0.00 0.00
196.0 798.0 0.00 0.00
1170.0 693.0 0.00 0.00
463.0 495.0 0.00 0.00
377.0 504.0 0.00 0.00
671.0 371.0 0.00 0.00
133.0 680.0 0.00 0.00
615.0 128.0 0.00 0.00
1345.0 241.0 0.00 0.00
673.0 502.0 0.00 0.00
1567.0 94.0 0.00 0.00
798.0 822.0 0.00 0.00
428.0 807.0 0.00 0.00
284.0 696.0 0.00 0.00
215.0 465.0 0.00 0.00
880.0 112.0 0.00 0.00
1053.0 415.0 0.00 0.00
294.0 280.0 0.00 0.00
304.0 615.0 0.00 0.00
194.0 686.0 0.00 0.00
1663.0 336.0 0.00 0.00
641.0 671.0 0.00 0.00
974.0 288.0 0.00 0.00
521.0 964.0 0.00 0.00
1288.0 919.0 0.00 0.00
808.0 174.0 0.00 0.00
1071.0 659.0 0.00 0.00
1055.0 152.0 0.00 0.00
245.0 575.0 0.00 0.00
1271.0 263.0 0.00 0.00
527.0 95.0 0.00 0.00
1312.0 142.0 0.00 0.00
808.0 256.0 0.00 0.00
1258.0 993.0 0.00 0.00
865.0 547.0 0.00 0.00
887.0 48.0 0.00 0.00
1306.0 615.0 0.00 0.00
631.0 87.0 0.00 0.00
334.0 215.0 0.00 0.00
624.0 450.0 0.00 0.00
262.0 966.0 0.00 0.00
877.0 809.0 0.00 0.00
351.0 503.0 0.00 0.00
352.0 119.0 0.00 0.00
1627.0 992.0 0.00 0.00
720.0 126.0 0.00 0.00
335.0 652.0 0.00 0.00
1052.0 493.0 0.00 0.00
943.0 127.0 0.00 0.00
1579.0 377.0 0.00 0.00
1526.0 583.0 0.00 0.00
488.0 407.0 0.00 0.00
635.0 845.0 0.00 0.00
1327.0 295.0 0.00 0.00
1007.0 458.0 0.00 0.00
40.0 1183.0 0.00 0.00
496.0 144.0 0.00 0.00
1575.0 166.0 0.00 0.00
1406.0 169.0 0.00 0.00
921.0 31.0 0.00 0.00
287.0 391.0 0.00 0.00
592.0 111.0 0.00 0.00
750.0 770.0 0.00 0.00
1737.0 992.0 0.00 0.00
632.0 191.0 0.00 0.00
1129.0 216.0 0.00 0.00
362.0 613.0 0.00 0.00
631.0 168.0 0.00 0.00
1071.0 752.0 0.00 0.00
988.0 24.0 0.00 0.00
133.0 970.0 0.00 0.00
1057.0 461.0 0.00 0.00
818.0 363.0 0.00 0.00
1777.0 167.0 0.00 0.00
711.0 136.0 0.00 0.00
436.0 786.0 0.00 0.00
224.0 545.0 0.00 0.00
1079.0 942.0 0.00 0.00
667.0 448.0 0.00 0.00
502.0 136.0 0.00 0.00
279.0 271.0 0.00 0.00
1104.0 48.0 0.00 0.00
87.0 456.0 0.00 0.00
42.0 103.0 0.00 0.00
1200.0 64.0 0.00 0.00
1504.0 505.0 0.00 0.00
1367.0 363.0 0.00 0.00
648.0 688.0 0.00 0.00
1324.0 897.0 0.00 0.00
1397.0 8.0 0.00 0.00
836.0 953.0 0.00 0.00
828.0 355.0 0.00 0.00
1117.0 631.0 0.00 0.00
814.0 1028.0 0.00 0.00
358.0 398.0 0.00 0.00
592.0 427.0 0.00 0.00
896.0 95.0 0.00 0.00
112.0 447.0 0.00 0.00
995.0 622.0 0.00 0.00
501.0 744.0 0.00 0.00
1263.0 160.0 0.00 0.00
599.0 368.0 0.00 0.00
1311.0 72.0 0.00 0.00
496.0 911.0 0.00 0.00
752.0 104.0 0.00 0.00
1068.0 865.0 0.00 0.00
456.0 209.0 0.00 0.00
1222.0 974.0 0.00 0.00
1714.0 506.0 0.00 0.00
863.0 85.0 0.00 0.00
962.0 594.0 0.00 0.00
1043.0 71.0 0.00 0.00
109.0 771.0 0.00 0.00
1427.0 942.0 0.00 0.00
271.0 761.0 0.00 0.00
460.0 945.0 0.00 0.00
127.0 808.0 0.00 0.00
1503.0 97.0 0.00 0.00
657.0 40.0 0.00 0.00
1101.0 363.0 0.00 0.00
561.0 343.0 0.00 0.00
718.0 936.0 0.00 0.00
623.0 458.0 0.00 0.00
1265.0 927.0 0.00 0.00
233.0 846.0 0.00 0.00
127.0 376.0 0.00 0.00
1432.0 853.0 0.00 0.00
938.0 764.0 0.00 0.00
1019.0 564.0 0.00 0.00
774.0 717.0 0.00 0.00
258.0 764.0 0.00 0.00
1232.0 922.0 0.00 0.00
210.0 978.0 0.00 0.00
462.0 281.0 0.00 0.00
1230.0 295.0 0.00 0.00
206.0 400.0 0.00 0.00
1609.0 143.0 0.00 0.00
273.0 369.0 0.00 0.00
508.0 663.0 0.00 0.00
994.0 87.0 0.00 0.00
81.0 849.0 0.00 0.00
858.0 830.0 0.00 0.00
598.0 759.0 0.00 0.00
232.0 434.0 0.00 0.00
1231.0 1189.0 0.00 0.00
809.0 236.0 0.00 0.00
503.0 729.0 0.00 0.00
384.0 462.0 0.00 0.00
785.0 917.0 0.00 0.00
137.0 82.0 0.00 0.00
608.0 271.0 0.00 0.00
313.0 567.0 0.00 0.00
747.0 129.0 0.00 0.00
453.0 642.0 0.00 0.00
667.0 533.0 0.00 0.00
1280.0 576.0 0.00 0.00
666.0 820.0 0.00 0.00
1368.0 724.0 0.00 0.00
1144.0 192.0 0.00 0.00
70.0 569.0 0.00 0.00
488.0 360.0 0.00 0.00
14.0 804.0 0.00 0.00
78.0 319.0 0.00 0.00
565.0 901.0 0.00 0.00
475.0 776.0 0.00 0.00
1078.0 462.0 0.00 0.00
86.0 57.0 0.00 0.00
184.0 562.0 0.00 0.00
490.0 700.0 0.00 0.00
1519.0 394.0 0.00 0.00
648.0 931.0 0.00 0.00
1652.0 16.0 0.00 0.00
836.0 661.0 0.00 0.00
273.0 944.0 0.00 0.00
447.0 432.0 0.00 0.00
1088.0 54.0 0.00 0.00
672.0 969.0 0.00 0.00
1647.0 431.0 0.00 0.00
1567.0 63.0 0.00 0.00
1693.0 487.0 0.00 0.00
1358.0 79.0 0.00 0.00
283.0 748.0 0.00 0.00
391.0 103.0 0.00 0.00
1281.0 720.0 0.00 0.00
938.0 751.0 0.00 0.00
943.0 233.0 0.00 0.00
1415.0 915.0 0.00 0.00
208.0 200.0 0.00 0.00
1313.0 49.0 0.00 0.00
935.0 1170.0 0.00 0.00
629.0 777.0 0.00 0.00
232.0 471.0 0.00 0.00
1390.0 707.0 0.00 0.00
932.0 882.0 0.00 0.00
224.0 391.0 0.00 0.00
1068.0 761.0 0.00 0.00
504.0 103.0 0.00 0.00
774.0 953.0 0.00 0.00
621.0 507.0 0.00 0.00
311.0 167.0 0.00 0.00
1114.0 186.0 0.00 0.00
575.0 246.0 0.00 0.00
1327.0 216.0 0.00 0.00
496.0 693.0 0.00 0.00
241.0 511.0 0.00 0.00
1764.0 820.0 0.00 0.00
1234.0 191.0 0.00 0.00
1724.0 507.0 0.00 0.00
1655.0 1188.0 0.00 0.00
145.0 496.0 0.00 0.00
1551.0 310.0 0.00 0.00
1769.0 320.0 0.00 0.00
1731.0 874.0 0.00 0.00
1263.0 167.0 0.00 0.00
441.0 479.0 0.00 0.00
1701.0 295.0 0.00 0.00
273.0 383.0 0.00 0.00
591.0 736.0 0.00 0.00
1533.0 504.0 0.00 0.00
463.0 39.0 0.00 0.00
694.0 8.0 0.00 0.00
177.0 495.0 0.00 0.00
185.0 379.0 0.00 0.00
231.0 391.0 0.00 0.00
855.0 231.0 0.00 0.00
15.0 527.0 0.00 0.00
1771.0 507.0 0.00 0.00
210.0 579.0 0.00 0.00
404.0 1062.0 0.00 0.00
724.0 996.0 0.00 0.00
1211.0 660.0 0.00 0.00
952.0 487.0 0.00 0.00
1024.0 293.0 0.00 0.00
832.0 673.0 0.00 0.00
759.0 208.0 0.00 0.00
1599.0 32.0 0.00 0.00
1199.0 39.0 0.00 0.00
1192.0 685.0 0.00 0.00
591.0 400.0 0.00 0.00
911.0 620.0 0.00 0.00
1338.0 1189.0 0.00 0.00
760.0 624.0 0.00 0.00
320.0 615.0 0.00 0.00
1672.0 47.0 0.00 0.00
1230.0 54.0 0.00 0.00
414.0 688.0 0.00 0.00
1718.0 375.0 0.00 0.00
669.0 770.0 0.00 0.00
48.0 319.0 0.00 0.00
1408.0 64.0 0.00 0.00
1768.0 849.0 0.00 0.00
510.0 387.0 0.00 0.00
1441.0 527.0 0.00 0.00
526.0 55.0 0.00 0.00
1272.0 45.0 0.00 0.00
1414.0 327.0 0.00 0.00
1036.0 455.0 0.00 0.00
368.0 31.0 0.00 0.00
809.0 251.0 0.00 0.00
802.0 657.0 0.00 0.00
1551.0 407.0 0.00 0.00
449.0 319.0 0.00 0.00
462.0 375.0 0.00 0.00
1719.0 236.0 0.00 0.00
982.0 273.0 0.00 0.00
1246.0 1172.0 0.00 0.00
390.0 809.0 0.00 0.00
1758.0 271.0 0.00 0.00
46.0 303.0 0.00 0.00
148.0 647.0 0.00 0.00
1450.0 701.0 0.00 0.00
559.0 369.0 0.00 0.00
906.0 386.0 0.00 0.00
514.0 417.0 0.00 0.00
121.0 582.0 0.00 0.00
1328.0 125.0 0.00 0.00
1181.0 860.0 0.00 0.00
856.0 924.0 0.00 0.00
1227.0 992.0 0.00 0.00
831.0 96.0 0.00 0.00
208.0 553.0 0.00 0.00
1007.0 103.0 0.00 0.00
471.0 255.0 0.00 0.00
1098.0 712.0 0.00 0.00
359.0 48.0 0.00 0.00
759.0 264.0 0.00 0.00
1477.0 317.0 0.00 0.00
98.0 656.0 0.00 0.00
1650.0 64.0 0.00 0.00
471.0 209.0 0.00 0.00
1550.0 112.0 0.00 0.00
1482.0 80.0 0.00 0.00
64.0 541.0 0.00 0.00
1672.0 87.0 0.00 0.00
1711.0 135.0 0.00 0.00
931.0 968.0 0.00 0.00
427.0 23.0 0.00 0.00
1369.0 741.0 0.00 0.00
358.0 222.0 0.00 0.00
508.0 576.0 0.00 0.00
1679.0 263.0 0.00 0.00
1431.0 388.0 0.00 0.00
417.0 616.0 0.00 0.00
775.0 377.0 0.00 0.00
793.0 445.0 0.00 0.00
1056.0 815.0 0.00 0.00
1136.0 71.0 0.00 0.00
424.0 375.0 0.00 0.00
225.0 684.0 0.00 0.00
387.0 684.0 0.00 0.00
1736.0 178.0 0.00 0.00
384.0 168.0 0.00 0.00
343.0 327.0 0.00 0.00
664.0 863.0 0.00 0.00
192.0 550.0 0.00 0.00
1240.0 832.0 0.00 0.00
264.0 212.0 0.00 0.00
313.0 697.0 0.00 0.00
15.0 303.0 0.00 0.00
1215.0 752.0 0.00 0.00
288.0 215.0 0.00 0.00
1473.0 759.0 0.00 0.00
179.0 992.0 0.00 0.00
471.0 944.0 0.00 0.00
927.0 114.0 0.00 0.00
952.0 512.0 0.00 0.00
1592.0 971.0 0.00 0.00
230.0 191.0 0.00 0.00
1425.0 587.0 0.00 0.00
1118.0 199.0 0.00 0.00
248.0 43.0 0.00 0.00
755.0 904.0 0.00 0.00
1439.0 229.0 0.00 0.00
142.0 14.0 0.00 0.00
1742.0 754.0 0.00 0.00
254.0 621.0 0.00 0.00
174.0 946.0 0.00 0.00
1129.0 163.0 0.00 0.00
457.0 860.0 0.00 0.00
31.0 511.0 0.00 0.00
192.0 536.0 0.00 0.00
1147.0 724.0 0.00 0.00
1240.0 583.0 0.00 0.00
667.0 528.0 0.00 0.00
825.0 528.0 0.00 0.00
76.0 703.0 0.00 0.00
167.0 258.0 0.00 0.00
478.0 808.0 0.00 0.00
257.0 365.0 0.00 0.00
399.0 462.0 0.00 0.00
982.0 363.0 0.00 0.00
616.0 103.0 0.00 0.00
760.0 159.0 0.00 0.00
1456.0 119.0 0.00 0.00
1492.0 751.0 0.00 0.00
784.0 640.0 0.00 0.00
1496.0 64.0 0.00 0.00
108.0 909.0 0.00 0.00
1631.0 372.0 0.00 0.00
375.0 86.0 0.00 0.00
1560.0 83.0 0.00 0.00
943.0 689.0 0.00 0.00
1763.0 791.0 0.00 0.00
667.0 279.0 0.00 0.00
483.0 809.0 0.00 0.00
1535.0 79.0 0.00 0.00
1772.0 674.0 0.00 0.00
567.0 576.0 0.00 0.00
1030.0 167.0 0.00 0.00
93.0 991.0 0.00 0.00
1728.0 79.0 0.00 0.00
1702.0 79.0 0.00 0.00
1495.0 97.0 0.00 0.00
511.0 496.0 0.00 0.00
826.0 579.0 0.00 0.00
1483.0 807.0 0.00 0.00
1411.0 730.0 0.00 0.00
1089.0 465.0 0.00 0.00
439.0 637.0 0.00 0.00
1791.0 760.0 0.00 0.00
1174.0 833.0 0.00 0.00
611.0 496.0 0.00 0.00
575.0 191.0 0.00 0.00
306.0 151.0 0.00 0.00
1167.0 127.0 0.00 0.00
1302.0 765.0 0.00 0.00
1087.0 581.0 0.00 0.00
602.0 697.0 0.00 0.00
295.0 46.0 0.00 0.00
656.0 264.0 0.00 0.00
1094.0 32.0 0.00 0.00
1703.0 210.0 0.00 0.00
1444.0 574.0 0.00 0.00
756.0 327.0 0.00 0.00
148.0 665.0 0.00 0.00
1039.0 814.0 0.00 0.00
752.0 557.0 0.00 0.00
1385.0 168.0 0.00 0.00
886.0 231.0 0.00 0.00
1199.0 663.0 0.00 0.00
1391.0 362.0 0.00 0.00
904.0 841.0 0.00 0.00
919.0 152.0 0.00 0.00
433.0 281.0 0.00 0.00
1439.0 480.0 0.00 0.00
648.0 225.0 0.00 0.00
528.0 247.0 0.00 0.00
1783.0 144.0 0.00 0.00
1130.0 640.0 0.00 0.00
1631.0 556.0 0.00 0.00
1093.0 217.0 0.00 0.00
242.0 976.0 0.00 0.00
262.0 224.0 0.00 0.00
53.0 1143.0 0.00 0.00
468.0 640.0 0.00 0.00
1104.0 701.0 0.00 0.00
898.0 927.0 0.00 0.00
650.0 867.0 0.00 0.00
945.0 327.0 0.00 0.00
50.0 1175.0 0.00 0.00
1531.0 473.0 0.00 0.00
432.0 271.0 0.00 0.00
172.0 898.0 0.00 0.00
557.0 886.0 0.00 0.00
681.0 225.0 0.00 0.00
755.0 878.0 0.00 0.00
1141.0 691.0 0.00 0.00
1352.0 112.0 0.00 0.00
512.0 479.0 0.00 0.00
134.0 749.0 0.00 0.00
976.0 256.0 0.00 0.00
1000.0 637.0 0.00 0.00
280.0 958.0 0.00 0.00
186.0 791.0 0.00 0.00
149.0 960.0 0.00 0.00
1351.0 151.0 0.00 0.00
1632.0 414.0 0.00 0.00
1139.0 706.0 0.00 0.00
930.0 920.0 0.00 0.00
185.0 693.0 0.00 0.00
175.0 295.0 0.00 0.00
1649.0 78.0 0.00 0.00
1343.0 73.0 0.00 0.00
49.0 40.0 0.00 0.00
1657.0 62.0 0.00 0.00
1760.0 712.0 0.00 0.00
1079.0 239.0 0.00 0.00
1023.0 120.0 0.00 0.00
1640.0 337.0 0.00 0.00
327.0 39.0 0.00 0.00
1023.0 816.0 0.00 0.00
911.0 95.0 0.00 0.00
1471.0 71.0 0.00 0.00
1431.0 176.0 0.00 0.00
1711.0 165.0 0.00 0.00
805.0 952.0 0.00 0.00
186.0 15.0 0.00 0.00
746.0 585.0 0.00 0.00
1735.0 321.0 0.00 0.00
1536.0 215.0 0.00 0.00
1231.0 515.0 0.00 0.00
287.0 31.0 0.00 0.00
239.0 354.0 0.00 0.00
1735.0 216.0 0.00 0.00
1623.0 15.0 0.00 0.00
1399.0 830.0 0.00 0.00
743.0 56.0 0.00 0.00
144.0 471.0 0.00 0.00
1375.0 87.0 0.00 0.00
201.0 483.0 0.00 0.00
1392.0 986.0 0.00 0.00
972.0 731.0 0.00 0.00
678.0 759.0 0.00 0.00
1547.0 399.0 0.00 0.00
799.0 288.0 0.00 0.00
390.0 1092.0 0.00 0.00
622.0 1134.0 0.00 0.00
171.0 47.0 0.00 0.00
1319.0 962.0 0.00 0.00
448.0 638.0 0.00 0.00
447.0 479.0 0.00 0.00
833.0 126.0 0.00 0.00
604.0 934.0 0.00 0.00
1719.0 39.0 0.00 0.00
896.0 135.0 0.00 0.00
668.0 477.0 0.00 0.00
375.0 335.0 0.00 0.00
687.0 926.0 0.00 0.00
1451.0 397.0 0.00 0.00
1699.0 930.0 0.00 0.00
397.0 120.0 0.00 0.00
1495.0 80.0 0.00 0.00
512.0 446.0 0.00 0.00
777.0 814.0 0.00 0.00
838.0 911.0 0.00 0.00
911.0 496.0 0.00 0.00
1255.0 600.0 0.00 0.00
292.0 932.0 0.00 0.00
1132.0 390.0 0.00 0.00
711.0 207.0 0.00 0.00
535.0 870.0 0.00 0.00
542.0 955.0 0.00 0.00
1375.0 852.0 0.00 0.00
658.0 855.0 0.00 0.00
1048.0 790.0 0.00 0.00
1247.0 93.0 0.00 0.00
37.0 328.0 0.00 0.00
840.0 239.0 0.00 0.00
1447.0 735.0 0.00 0.00
835.0 83.0 0.00 0.00
1472.0 983.0 0.00 0.00
882.0 38.0 0.00 0.00
1367.0 41.0 0.00 0.00
1055.0 846.0 0.00 0.00
607.0 384.0 0.00 0.00
1318.0 111.0 0.00 0.00
480.0 750.0 0.00 0.00
100.0 634.0 0.00 0.00
759.0 732.0 0.00 0.00
1409.0 55.0 0.00 0.00
1521.0 703.0 0.00 0.00
423.0 271.0 0.00 0.00
1053.0 454.0 0.00 0.00
1468.0 677.0 0.00 0.00
1767.0 117.0 0.00 0.00
472.0 143.0 0.00 0.00
527.0 399.0 0.00 0.00
238.0 367.0 0.00 0.00
575.0 141.0 0.00 0.00
527.0 551.0 0.00 0.00
666.0 606.0 0.00 0.00
216.0 191.0 0.00 0.00
1111.0 767.0 0.00 0.00
1519.0 287.0 0.00 0.00
1455.0 224.0 0.00 0.00
1694.0 72.0 0.00 0.00
231.0 105.0 0.00 0.00
1341.0 47.0 0.00 0.00
934.0 712.0 0.00 0.00
135.0 1143.0 0.00 0.00
183.0 207.0 0.00 0.00
513.0 359.0 0.00 0.00
251.0 1058.0 0.00 0.00
968.0 199.0 0.00 0.00
1092.0 582.0 0.00 0.00
827.0 952.0 0.00 0.00
1447.0 956.0 0.00 0.00
538.0 701.0 0.00 0.00
272.0 463.0 0.00 0.00
560.0 303.0 0.00 0.00
384.0 375.0 0.00 0.00
1161.0 941.0 0.00 0.00
886.0 689.0 0.00 0.00
1526.0 183.0 0.00 0.00
1463.0 474.0 0.00 0.00
1295.0 216.0 0.00 0.00
1045.0 454.0 0.00 0.00
240.0 44.0 0.00 0.00
711.0 491.0 0.00 0.00
604.0 863.0 0.00 0.00
1423.0 32.0 0.00 0.00
667.0 895.0 0.00 0.00
680.0 255.0 0.00 0.00
583.0 600.0 0.00 0.00
1119.0 144.0 0.00 0.00
1355.0 688.0 0.00 0.00
431.0 544.0 0.00 0.00
1450.0 537.0 0.00 0.00
1594.0 558.0 0.00 0.00
1727.0 441.0 0.00 0.00
896.0 107.0 0.00 0.00
1090.0 734.0 0.00 0.00
792.0 1144.0 0.00 0.00
775.0 55.0 0.00 0.00
1133.0 567.0 0.00 0.00
802.0 711.0 0.00 0.00
777.0 843.0 0.00 0.00
1343.0 327.0 0.00 0.00
908.0 674.0 0.00 0.00
15.0 192.0 0.00 0.00
1501.0 287.0 0.00 0.00
511.0 423.0 0.00 0.00
1144.0 161.0 0.00 0.00
1281.0 728.0 0.00 0.00
167.0 496.0 0.00 0.00
635.0 705.0 0.00 0.00
464.0 576.0 0.00 0.00
123.0 975.0 0.00 0.00
271.0 496.0 0.00 0.00
1023.0 233.0 0.00 0.00
731.0 934.0 0.00 0.00
960.0 623.0 0.00 0.00
288.0 247.0 0.00 0.00
1615.0 1151.0 0.00 0.00
527.0 359.0 0.00 0.00
1437.0 315.0 0.00 0.00
1778.0 1191.0 0.00 0.00
1679.0 159.0 0.00 0.00
334.0 96.0 0.00 0.00
719.0 79.0 0.00 0.00
1144.0 935.0 0.00 0.00
1378.0 569.0 0.00 0.00
933.0 354.0 0.00 0.00
1759.0 99.0 0.00 0.00
