4096 128
1286.0 489.0 0.00 0.00
1428.0 691.0 0.00 0.00
82.0 917.0 0.00 0.00
494.0 760.0 0.00 0.00
1549.0 490.0 0.00 0.00
104.0 964.0 0.00 0.00
235.0 874.0 0.00 0.00
373.0 607.0 0.00 0.00
1214.0 538.0 0.00 0.00
142.0 706.0 0.00 0.00
676.0 718.0 0.00 0.00
1359.0 479.0 0.00 0.00
656.0 652.0 0.00 0.00
1163.0 606.0 0.00 0.00
1434.0 443.0 0.00 0.00
278.0 920.0 0.00 0.00
1260.0 503.0 0.00 0.00
1201.0 788.0 0.00 0.00
650.0 677.0 0.00 0.00
507.0 690.0 0.00 0.00
1432.0 462.0 0.00 0.00
1146.0 675.0 0.00 0.00
429.0 767.0 0.00 0.00
608.0 815.0 0.00 0.00
1218.0 695.0 0.00 0.00
166.0 793.0 0.00 0.00
494.0 742.0 0.00 0.00
1675.0 696.0 0.00 0.00
142.0 806.0 0.00 0.00
383.0 893.0 0.00 0.00
307.0 720.0 0.00 0.00
1195.0 558.0 0.00 0.00
786.0 787.0 0.00 0.00
1696.0 593.0 0.00 0.00
1491.0 470.0 0.00 0.00
718.0 822.0 0.00 0.00
1314.0 479.0 0.00 0.00
1132.0 685.0 0.00 0.00
1742.0 778.0 0.00 0.00
941.0 773.0 0.00 0.00
277.0 951.0 0.00 0.00
1524.0 459.0 0.00 0.00
1727.0 691.0 0.00 0.00
1573.0 742.0 0.00 0.00
493.0 785.0 0.00 0.00
43.0 447.0 0.00 0.00
1139.0 657.0 0.00 0.00
1139.0 728.0 0.00 0.00
445.0 871.0 0.00 0.00
422.0 918.0 0.00 0.00
179.0 729.0 0.00 0.00
382.0 906.0 0.00 0.00
774.0 666.0 0.00 0.00
766.0 653.0 0.00 0.00
1558.0 482.0 0.00 0.00
311.0 875.0 0.00 0.00
1751.0 886.0 0.00 0.00
1210.0 324.0 0.00 0.00
473.0 619.0 0.00 0.00
711.0 769.0 0.00 0.00
1698.0 641.0 0.00 0.00
1611.0 913.0 0.00 0.00
359.0 906.0 0.00 0.00
980.0 345.0 0.00 0.00
853.0 656.0 0.00 0.00
133.0 828.0 0.00 0.00
1232.0 500.0 0.00 0.00
521.0 716.0 0.00 0.00
1700.0 688.0 0.00 0.00
793.0 637.0 0.00 0.00
488.0 891.0 0.00 0.00
185.0 878.0 0.00 0.00
307.0 731.0 0.00 0.00
1627.0 516.0 0.00 0.00
726.0 704.0 0.00 0.00
1387.0 475.0 0.00 0.00
874.0 988.0 0.00 0.00
1304.0 495.0 0.00 0.00
1701.0 602.0 0.00 0.00
154.0 576.0 0.00 0.00
487.0 938.0 0.00 0.00
169.0 917.0 0.00 0.00
1401.0 461.0 0.00 0.00
1141.0 609.0 0.00 0.00
546.0 779.0 0.00 0.00
566.0 700.0 0.00 0.00
1626.0 541.0 0.00 0.00
879.0 633.0 0.00 0.00
1690.0 585.0 0.00 0.00
1287.0 528.0 0.00 0.00
593.0 700.0 0.00 0.00
1566.0 767.0 0.00 0.00
88.0 889.0 0.00 0.00
935.0 800.0 0.00 0.00
1529.0 495.0 0.00 0.00
665.0 925.0 0.00 0.00
87.0 874.0 0.00 0.00
166.0 946.0 0.00 0.00
434.0 667.0 0.00 0.00
1220.0 318.0 0.00 0.00
429.0 790.0 0.00 0.00
545.0 794.0 0.00 0.00
1265.0 480.0 0.00 0.00
650.0 687.0 0.00 0.00
667.0 657.0 0.00 0.00
994.0 909.0 0.00 0.00
498.0 706.0 0.00 0.00
234.0 831.0 0.00 0.00
168.0 777.0 0.00 0.00
206.0 606.0 0.00 0.00
205.0 825.0 0.00 0.00
486.0 919.0 0.00 0.00
1463.0 678.0 0.00 0.00
367.0 943.0 0.00 0.00
1706.0 717.0 0.00 0.00
1233.0 538.0 0.00 0.00
1445.0 475.0 0.00 0.00
79.0 562.0 0.00 0.00
1732.0 748.0 0.00 0.00
432.0 932.0 0.00 0.00
348.0 849.0 0.00 0.00
1125.0 785.0 0.00 0.00
1228.0 772.0 0.00 0.00
294.0 875.0 0.00 0.00
1715.0 780.0 0.00 0.00
1710.0 671.0 0.00 0.00
1687.0 695.0 0.00 0.00
976.0 922.0 0.00 0.00
169.0 905.0 0.00 0.00
10.0 492.0 0.00 0.00
687.0 708.0 0.00 0.00
55.0 664.0 0.00 0.00
839.0 656.0 0.00 0.00
1502.0 767.0 0.00 0.00
980.0 744.0 0.00 0.00
149.0 976.0 0.00 0.00
1183.0 321.0 0.00 0.00
1179.0 787.0 0.00 0.00
451.0 764.0 0.00 0.00
295.0 707.0 0.00 0.00
1141.0 701.0 0.00 0.00
1747.0 377.0 0.00 0.00
1533.0 462.0 0.00 0.00
1280.0 507.0 0.00 0.00
852.0 751.0 0.00 0.00
63.0 1007.0 0.00 0.00
1256.0 913.0 0.00 0.00
676.0 708.0 0.00 0.00
1603.0 995.0 0.00 0.00
997.0 319.0 0.00 0.00
1606.0 501.0 0.00 0.00
837.0 834.0 0.00 0.00
1272.0 476.0 0.00 0.00
1691.0 660.0 0.00 0.00
326.0 687.0 0.00 0.00
1300.0 508.0 0.00 0.00
327.0 672.0 0.00 0.00
58.0 706.0 0.00 0.00
164.0 975.0 0.00 0.00
681.0 966.0 0.00 0.00
1742.0 969.0 0.00 0.00
808.0 762.0 0.00 0.00
1575.0 504.0 0.00 0.00
97.0 771.0 0.00 0.00
1443.0 444.0 0.00 0.00
348.0 906.0 0.00 0.00
1526.0 468.0 0.00 0.00
589.0 920.0 0.00 0.00
1340.0 679.0 0.00 0.00
69.0 918.0 0.00 0.00
970.0 350.0 0.00 0.00
1179.0 599.0 0.00 0.00
1028.0 585.0 0.00 0.00
534.0 808.0 0.00 0.00
1684.0 612.0 0.00 0.00
238.0 596.0 0.00 0.00
564.0 806.0 0.00 0.00
440.0 780.0 0.00 0.00
168.0 932.0 0.00 0.00
1474.0 479.0 0.00 0.00
1503.0 780.0 0.00 0.00
326.0 995.0 0.00 0.00
1160.0 923.0 0.00 0.00
1168.0 682.0 0.00 0.00
339.0 708.0 0.00 0.00
370.0 893.0 0.00 0.00
141.0 989.0 0.00 0.00
1181.0 548.0 0.00 0.00
119.0 989.0 0.00 0.00
595.0 679.0 0.00 0.00
141.0 748.0 0.00 0.00
1179.0 835.0 0.00 0.00
1150.0 630.0 0.00 0.00
264.0 677.0 0.00 0.00
382.0 918.0 0.00 0.00
1697.0 734.0 0.00 0.00
1256.0 521.0 0.00 0.00
1737.0 694.0 0.00 0.00
136.0 904.0 0.00 0.00
1371.0 464.0 0.00 0.00
491.0 837.0 0.00 0.00
1128.0 713.0 0.00 0.00
615.0 832.0 0.00 0.00
474.0 894.0 0.00 0.00
1358.0 762.0 0.00 0.00
892.0 958.0 0.00 0.00
1414.0 496.0 0.00 0.00
1497.0 688.0 0.00 0.00
954.0 666.0 0.00 0.00
961.0 924.0 0.00 0.00
92.0 964.0 0.00 0.00
282.0 646.0 0.00 0.00
1250.0 724.0 0.00 0.00
1158.0 786.0 0.00 0.00
726.0 676.0 0.00 0.00
1573.0 862.0 0.00 0.00
1663.0 784.0 0.00 0.00
271.0 875.0 0.00 0.00
819.0 930.0 0.00 0.00
549.0 693.0 0.00 0.00
288.0 950.0 0.00 0.00
798.0 774.0 0.00 0.00
569.0 790.0 0.00 0.00
1712.0 625.0 0.00 0.00
1634.0 522.0 0.00 0.00
1606.0 771.0 0.00 0.00
1631.0 768.0 0.00 0.00
137.0 892.0 0.00 0.00
442.0 919.0 0.00 0.00
713.0 655.0 0.00 0.00
892.0 657.0 0.00 0.00
1213.0 556.0 0.00 0.00
1124.0 768.0 0.00 0.00
121.0 772.0 0.00 0.00
380.0 763.0 0.00 0.00
1512.0 499.0 0.00 0.00
515.0 908.0 0.00 0.00
1684.0 577.0 0.00 0.00
1762.0 1014.0 0.00 0.00
783.0 654.0 0.00 0.00
332.0 982.0 0.00 0.00
73.0 645.0 0.00 0.00
1462.0 464.0 0.00 0.00
1225.0 910.0 0.00 0.00
87.0 479.0 0.00 0.00
1641.0 527.0 0.00 0.00
482.0 713.0 0.00 0.00
1620.0 511.0 0.00 0.00
403.0 930.0 0.00 0.00
1525.0 752.0 0.00 0.00
428.0 779.0 0.00 0.00
776.0 742.0 0.00 0.00
571.0 817.0 0.00 0.00
75.0 624.0 0.00 0.00
1165.0 657.0 0.00 0.00
639.0 812.0 0.00 0.00
1190.0 788.0 0.00 0.00
1097.0 581.0 0.00 0.00
754.0 962.0 0.00 0.00
1487.0 732.0 0.00 0.00
345.0 835.0 0.00 0.00
714.0 673.0 0.00 0.00
153.0 818.0 0.00 0.00
1502.0 486.0 0.00 0.00
752.0 653.0 0.00 0.00
974.0 384.0 0.00 0.00
1213.0 727.0 0.00 0.00
956.0 647.0 0.00 0.00
463.0 944.0 0.00 0.00
111.0 877.0 0.00 0.00
437.0 997.0 0.00 0.00
705.0 803.0 0.00 0.00
478.0 768.0 0.00 0.00
1667.0 587.0 0.00 0.00
419.0 946.0 0.00 0.00
1421.0 485.0 0.00 0.00
447.0 833.0 0.00 0.00
1209.0 762.0 0.00 0.00
91.0 438.0 0.00 0.00
1222.0 789.0 0.00 0.00
901.0 817.0 0.00 0.00
1652.0 539.0 0.00 0.00
66.0 558.0 0.00 0.00
1731.0 670.0 0.00 0.00
418.0 931.0 0.00 0.00
1625.0 786.0 0.00 0.00
963.0 373.0 0.00 0.00
320.0 981.0 0.00 0.00
1735.0 686.0 0.00 0.00
516.0 726.0 0.00 0.00
79.0 965.0 0.00 0.00
972.0 656.0 0.00 0.00
903.0 803.0 0.00 0.00
992.0 896.0 0.00 0.00
754.0 923.0 0.00 0.00
622.0 813.0 0.00 0.00
865.0 633.0 0.00 0.00
400.0 778.0 0.00 0.00
154.0 794.0 0.00 0.00
458.0 821.0 0.00 0.00
48.0 857.0 0.00 0.00
1394.0 679.0 0.00 0.00
80.0 799.0 0.00 0.00
980.0 939.0 0.00 0.00
561.0 922.0 0.00 0.00
1647.0 563.0 0.00 0.00
1324.0 679.0 0.00 0.00
572.0 776.0 0.00 0.00
446.0 847.0 0.00 0.00
512.0 977.0 0.00 0.00
530.0 833.0 0.00 0.00
834.0 649.0 0.00 0.00
1211.0 517.0 0.00 0.00
1272.0 967.0 0.00 0.00
143.0 792.0 0.00 0.00
634.0 684.0 0.00 0.00
72.0 790.0 0.00 0.00
1047.0 770.0 0.00 0.00
575.0 891.0 0.00 0.00
1265.0 542.0 0.00 0.00
479.0 757.0 0.00 0.00
613.0 978.0 0.00 0.00
77.0 582.0 0.00 0.00
156.0 877.0 0.00 0.00
1173.0 990.0 0.00 0.00
799.0 696.0 0.00 0.00
1728.0 780.0 0.00 0.00
130.0 855.0 0.00 0.00
446.0 858.0 0.00 0.00
187.0 663.0 0.00 0.00
934.0 972.0 0.00 0.00
1755.0 779.0 0.00 0.00
1236.0 519.0 0.00 0.00
1563.0 689.0 0.00 0.00
695.0 960.0 0.00 0.00
1520.0 478.0 0.00 0.00
116.0 851.0 0.00 0.00
233.0 848.0 0.00 0.00
253.0 673.0 0.00 0.00
1685.0 593.0 0.00 0.00
1579.0 974.0 0.00 0.00
1667.0 671.0 0.00 0.00
880.0 867.0 0.00 0.00
74.0 681.0 0.00 0.00
1136.0 785.0 0.00 0.00
1003.0 404.0 0.00 0.00
139.0 757.0 0.00 0.00
1192.0 861.0 0.00 0.00
1577.0 940.0 0.00 0.00
672.0 853.0 0.00 0.00
1175.0 1006.0 0.00 0.00
63.0 991.0 0.00 0.00
1628.0 599.0 0.00 0.00
116.0 574.0 0.00 0.00
348.0 930.0 0.00 0.00
673.0 650.0 0.00 0.00
590.0 966.0 0.00 0.00
1224.0 506.0 0.00 0.00
838.0 892.0 0.00 0.00
1653.0 659.0 0.00 0.00
709.0 984.0 0.00 0.00
1627.0 560.0 0.00 0.00
345.0 815.0 0.00 0.00
1609.0 964.0 0.00 0.00
938.0 714.0 0.00 0.00
1265.0 488.0 0.00 0.00
572.0 801.0 0.00 0.00
1211.0 789.0 0.00 0.00
1355.0 691.0 0.00 0.00
121.0 946.0 0.00 0.00
371.0 880.0 0.00 0.00
1659.0 545.0 0.00 0.00
881.0 685.0 0.00 0.00
1692.0 724.0 0.00 0.00
1468.0 733.0 0.00 0.00
1501.0 732.0 0.00 0.00
946.0 701.0 0.00 0.00
911.0 772.0 0.00 0.00
154.0 652.0 0.00 0.00
286.0 657.0 0.00 0.00
1602.0 521.0 0.00 0.00
1701.0 781.0 0.00 0.00
1035.0 770.0 0.00 0.00
862.0 912.0 0.00 0.00
412.0 788.0 0.00 0.00
1196.0 989.0 0.00 0.00
1192.0 596.0 0.00 0.00
428.0 848.0 0.00 0.00
1121.0 654.0 0.00 0.00
588.0 776.0 0.00 0.00
297.0 636.0 0.00 0.00
1739.0 702.0 0.00 0.00
84.0 500.0 0.00 0.00
646.0 760.0 0.00 0.00
1168.0 787.0 0.00 0.00
134.0 815.0 0.00 0.00
177.0 843.0 0.00 0.00
96.0 788.0 0.00 0.00
1679.0 633.0 0.00 0.00
479.0 798.0 0.00 0.00
1184.0 635.0 0.00 0.00
438.0 625.0 0.00 0.00
352.0 753.0 0.00 0.00
415.0 739.0 0.00 0.00
1515.0 457.0 0.00 0.00
1628.0 755.0 0.00 0.00
501.0 622.0 0.00 0.00
514.0 939.0 0.00 0.00
1755.0 758.0 0.00 0.00
774.0 787.0 0.00 0.00
1707.0 860.0 0.00 0.00
368.0 957.0 0.00 0.00
366.0 661.0 0.00 0.00
457.0 836.0 0.00 0.00
887.0 752.0 0.00 0.00
971.0 876.0 0.00 0.00
1046.0 317.0 0.00 0.00
857.0 984.0 0.00 0.00
505.0 595.0 0.00 0.00
1710.0 760.0 0.00 0.00
441.0 944.0 0.00 0.00
156.0 892.0 0.00 0.00
71.0 474.0 0.00 0.00
637.0 948.0 0.00 0.00
85.0 935.0 0.00 0.00
199.0 751.0 0.00 0.00
505.0 725.0 0.00 0.00
1215.0 926.0 0.00 0.00
1618.0 862.0 0.00 0.00
1643.0 596.0 0.00 0.00
89.0 451.0 0.00 0.00
55.0 743.0 0.00 0.00
109.0 935.0 0.00 0.00
999.0 990.0 0.00 0.00
528.0 871.0 0.00 0.00
649.0 701.0 0.00 0.00
1558.0 473.0 0.00 0.00
48.0 539.0 0.00 0.00
630.0 670.0 0.00 0.00
418.0 958.0 0.00 0.00
134.0 795.0 0.00 0.00
1194.0 319.0 0.00 0.00
367.0 931.0 0.00 0.00
106.0 789.0 0.00 0.00
1310.0 517.0 0.00 0.00
673.0 676.0 0.00 0.00
1053.0 813.0 0.00 0.00
1650.0 785.0 0.00 0.00
1334.0 508.0 0.00 0.00
1672.0 737.0 0.00 0.00
1775.0 915.0 0.00 0.00
387.0 994.0 0.00 0.00
534.0 820.0 0.00 0.00
1604.0 539.0 0.00 0.00
962.0 725.0 0.00 0.00
1675.0 783.0 0.00 0.00
1707.0 280.0 0.00 0.00
525.0 750.0 0.00 0.00
938.0 631.0 0.00 0.00
916.0 785.0 0.00 0.00
98.0 1005.0 0.00 0.00
342.0 761.0 0.00 0.00
1376.0 307.0 0.00 0.00
820.0 899.0 0.00 0.00
1198.0 744.0 0.00 0.00
509.0 667.0 0.00 0.00
1239.0 412.0 0.00 0.00
182.0 932.0 0.00 0.00
1695.0 609.0 0.00 0.00
766.0 781.0 0.00 0.00
340.0 861.0 0.00 0.00
1171.0 635.0 0.00 0.00
594.0 937.0 0.00 0.00
534.0 699.0 0.00 0.00
161.0 664.0 0.00 0.00
1280.0 472.0 0.00 0.00
780.0 731.0 0.00 0.00
478.0 784.0 0.00 0.00
963.0 954.0 0.00 0.00
1294.0 900.0 0.00 0.00
549.0 823.0 0.00 0.00
859.0 767.0 0.00 0.00
305.0 950.0 0.00 0.00
1778.0 262.0 0.00 0.00
77.0 604.0 0.00 0.00
293.0 740.0 0.00 0.00
1217.0 988.0 0.00 0.00
32.0 768.0 0.00 0.00
122.0 758.0 0.00 0.00
1647.0 533.0 0.00 0.00
1664.0 285.0 0.00 0.00
1225.0 934.0 0.00 0.00
1638.0 966.0 0.00 0.00
144.0 828.0 0.00 0.00
813.0 667.0 0.00 0.00
15.0 703.0 0.00 0.00
139.0 976.0 0.00 0.00
1105.0 959.0 0.00 0.00
1176.0 659.0 0.00 0.00
460.0 608.0 0.00 0.00
1568.0 544.0 0.00 0.00
1217.0 1005.0 0.00 0.00
1166.0 623.0 0.00 0.00
344.0 982.0 0.00 0.00
1735.0 885.0 0.00 0.00
152.0 805.0 0.00 0.00
1773.0 882.0 0.00 0.00
1550.0 470.0 0.00 0.00
1652.0 709.0 0.00 0.00
754.0 995.0 0.00 0.00
1718.0 701.0 0.00 0.00
69.0 830.0 0.00 0.00
215.0 706.0 0.00 0.00
1233.0 509.0 0.00 0.00
1674.0 564.0 0.00 0.00
944.0 689.0 0.00 0.00
1027.0 988.0 0.00 0.00
1173.0 693.0 0.00 0.00
1706.0 610.0 0.00 0.00
1623.0 288.0 0.00 0.00
1641.0 1011.0 0.00 0.00
72.0 454.0 0.00 0.00
28.0 450.0 0.00 0.00
964.0 426.0 0.00 0.00
1060.0 961.0 0.00 0.00
954.0 758.0 0.00 0.00
1746.0 267.0 0.00 0.00
1213.0 524.0 0.00 0.00
432.0 717.0 0.00 0.00
1088.0 629.0 0.00 0.00
1360.0 501.0 0.00 0.00
1502.0 753.0 0.00 0.00
1170.0 716.0 0.00 0.00
1244.0 323.0 0.00 0.00
585.0 829.0 0.00 0.00
1338.0 402.0 0.00 0.00
353.0 593.0 0.00 0.00
1620.0 741.0 0.00 0.00
59.0 621.0 0.00 0.00
1601.0 885.0 0.00 0.00
927.0 787.0 0.00 0.00
878.0 697.0 0.00 0.00
1669.0 558.0 0.00 0.00
795.0 791.0 0.00 0.00
1668.0 707.0 0.00 0.00
98.0 905.0 0.00 0.00
569.0 643.0 0.00 0.00
22.0 555.0 0.00 0.00
1643.0 622.0 0.00 0.00
842.0 880.0 0.00 0.00
1441.0 498.0 0.00 0.00
1416.0 304.0 0.00 0.00
1178.0 581.0 0.00 0.00
1689.0 782.0 0.00 0.00
67.0 848.0 0.00 0.00
1717.0 660.0 0.00 0.00
1113.0 784.0 0.00 0.00
1679.0 570.0 0.00 0.00
119.0 826.0 0.00 0.00
402.0 609.0 0.00 0.00
146.0 639.0 0.00 0.00
1487.0 754.0 0.00 0.00
246.0 823.0 0.00 0.00
54.0 456.0 0.00 0.00
57.0 643.0 0.00 0.00
362.0 795.0 0.00 0.00
844.0 969.0 0.00 0.00
1645.0 739.0 0.00 0.00
223.0 728.0 0.00 0.00
1734.0 678.0 0.00 0.00
1556.0 508.0 0.00 0.00
913.0 658.0 0.00 0.00
1563.0 620.0 0.00 0.00
1542.0 466.0 0.00 0.00
1425.0 679.0 0.00 0.00
841.0 635.0 0.00 0.00
67.0 866.0 0.00 0.00
52.0 581.0 0.00 0.00
1517.0 466.0 0.00 0.00
1172.0 911.0 0.00 0.00
1288.0 469.0 0.00 0.00
936.0 833.0 0.00 0.00
927.0 692.0 0.00 0.00
480.0 736.0 0.00 0.00
1580.0 522.0 0.00 0.00
33.0 535.0 0.00 0.00
1056.0 910.0 0.00 0.00
287.0 964.0 0.00 0.00
499.0 660.0 0.00 0.00
705.0 823.0 0.00 0.00
325.0 709.0 0.00 0.00
1150.0 936.0 0.00 0.00
755.0 900.0 0.00 0.00
1062.0 976.0 0.00 0.00
356.0 956.0 0.00 0.00
352.0 880.0 0.00 0.00
982.0 829.0 0.00 0.00
1419.0 348.0 0.00 0.00
634.0 711.0 0.00 0.00
106.0 755.0 0.00 0.00
406.0 692.0 0.00 0.00
859.0 956.0 0.00 0.00
131.0 841.0 0.00 0.00
909.0 740.0 0.00 0.00
915.0 679.0 0.00 0.00
1569.0 963.0 0.00 0.00
1061.0 668.0 0.00 0.00
75.0 400.0 0.00 0.00
1546.0 529.0 0.00 0.00
1195.0 576.0 0.00 0.00
78.0 826.0 0.00 0.00
929.0 733.0 0.00 0.00
15.0 676.0 0.00 0.00
1171.0 882.0 0.00 0.00
1226.0 574.0 0.00 0.00
253.0 704.0 0.00 0.00
662.0 640.0 0.00 0.00
821.0 862.0 0.00 0.00
959.0 842.0 0.00 0.00
714.0 964.0 0.00 0.00
1147.0 786.0 0.00 0.00
124.0 617.0 0.00 0.00
1194.0 1005.0 0.00 0.00
154.0 561.0 0.00 0.00
337.0 917.0 0.00 0.00
1699.0 326.0 0.00 0.00
1761.0 673.0 0.00 0.00
1374.0 690.0 0.00 0.00
1542.0 475.0 0.00 0.00
586.0 679.0 0.00 0.00
693.0 674.0 0.00 0.00
1209.0 573.0 0.00 0.00
438.0 961.0 0.00 0.00
1686.0 678.0 0.00 0.00
1715.0 1014.0 0.00 0.00
580.0 937.0 0.00 0.00
1197.0 613.0 0.00 0.00
679.0 640.0 0.00 0.00
1680.0 722.0 0.00 0.00
505.0 608.0 0.00 0.00
913.0 632.0 0.00 0.00
338.0 684.0 0.00 0.00
695.0 881.0 0.00 0.00
999.0 334.0 0.00 0.00
1417.0 473.0 0.00 0.00
894.0 779.0 0.00 0.00
192.0 815.0 0.00 0.00
1534.0 471.0 0.00 0.00
1723.0 548.0 0.00 0.00
589.0 643.0 0.00 0.00
755.0 762.0 0.00 0.00
1156.0 683.0 0.00 0.00
930.0 760.0 0.00 0.00
749.0 802.0 0.00 0.00
77.0 707.0 0.00 0.00
644.0 749.0 0.00 0.00
964.0 552.0 0.00 0.00
962.0 774.0 0.00 0.00
736.0 924.0 0.00 0.00
1187.0 761.0 0.00 0.00
443.0 905.0 0.00 0.00
1694.0 860.0 0.00 0.00
968.0 684.0 0.00 0.00
997.0 744.0 0.00 0.00
784.0 697.0 0.00 0.00
429.0 756.0 0.00 0.00
743.0 811.0 0.00 0.00
1245.0 557.0 0.00 0.00
126.0 905.0 0.00 0.00
379.0 650.0 0.00 0.00
310.0 587.0 0.00 0.00
492.0 672.0 0.00 0.00
1342.0 470.0 0.00 0.00
574.0 966.0 0.00 0.00
1656.0 645.0 0.00 0.00
9.0 534.0 0.00 0.00
1647.0 582.0 0.00 0.00
988.0 648.0 0.00 0.00
862.0 971.0 0.00 0.00
1235.0 977.0 0.00 0.00
181.0 892.0 0.00 0.00
838.0 863.0 0.00 0.00
823.0 692.0 0.00 0.00
1080.0 740.0 0.00 0.00
438.0 975.0 0.00 0.00
1680.0 671.0 0.00 0.00
1610.0 578.0 0.00 0.00
1721.0 861.0 0.00 0.00
841.0 1000.0 0.00 0.00
213.0 845.0 0.00 0.00
117.0 794.0 0.00 0.00
40.0 806.0 0.00 0.00
175.0 655.0 0.00 0.00
736.0 863.0 0.00 0.00
545.0 661.0 0.00 0.00
1640.0 458.0 0.00 0.00
1150.0 989.0 0.00 0.00
500.0 677.0 0.00 0.00
299.0 964.0 0.00 0.00
919.0 940.0 0.00 0.00
509.0 652.0 0.00 0.00
383.0 957.0 0.00 0.00
1123.0 969.0 0.00 0.00
693.0 729.0 0.00 0.00
1689.0 1013.0 0.00 0.00
1258.0 315.0 0.00 0.00
1694.0 706.0 0.00 0.00
1123.0 757.0 0.00 0.00
994.0 938.0 0.00 0.00
17.0 450.0 0.00 0.00
620.0 735.0 0.00 0.00
483.0 704.0 0.00 0.00
192.0 848.0 0.00 0.00
876.0 943.0 0.00 0.00
151.0 946.0 0.00 0.00
1005.0 979.0 0.00 0.00
115.0 586.0 0.00 0.00
108.0 746.0 0.00 0.00
821.0 833.0 0.00 0.00
75.0 755.0 0.00 0.00
129.0 878.0 0.00 0.00
1504.0 795.0 0.00 0.00
1467.0 447.0 0.00 0.00
83.0 948.0 0.00 0.00
553.0 891.0 0.00 0.00
35.0 665.0 0.00 0.00
939.0 738.0 0.00 0.00
1580.0 292.0 0.00 0.00
199.0 592.0 0.00 0.00
256.0 995.0 0.00 0.00
1210.0 593.0 0.00 0.00
1656.0 667.0 0.00 0.00
1006.0 657.0 0.00 0.00
1288.0 477.0 0.00 0.00
859.0 792.0 0.00 0.00
523.0 801.0 0.00 0.00
1102.0 784.0 0.00 0.00
34.0 858.0 0.00 0.00
202.0 893.0 0.00 0.00
1016.0 1004.0 0.00 0.00
599.0 804.0 0.00 0.00
25.0 597.0 0.00 0.00
1152.0 1006.0 0.00 0.00
1244.0 925.0 0.00 0.00
458.0 663.0 0.00 0.00
98.0 874.0 0.00 0.00
374.0 682.0 0.00 0.00
229.0 958.0 0.00 0.00
1521.0 517.0 0.00 0.00
1689.0 998.0 0.00 0.00
1235.0 958.0 0.00 0.00
647.0 712.0 0.00 0.00
1161.0 731.0 0.00 0.00
1256.0 925.0 0.00 0.00
171.0 869.0 0.00 0.00
357.0 644.0 0.00 0.00
328.0 656.0 0.00 0.00
503.0 836.0 0.00 0.00
1257.0 484.0 0.00 0.00
352.0 859.0 0.00 0.00
1764.0 376.0 0.00 0.00
1767.0 794.0 0.00 0.00
889.0 908.0 0.00 0.00
1157.0 580.0 0.00 0.00
1199.0 529.0 0.00 0.00
245.0 920.0 0.00 0.00
1191.0 981.0 0.00 0.00
85.0 839.0 0.00 0.00
178.0 741.0 0.00 0.00
742.0 675.0 0.00 0.00
156.0 931.0 0.00 0.00
584.0 906.0 0.00 0.00
38.0 643.0 0.00 0.00
759.0 668.0 0.00 0.00
1611.0 514.0 0.00 0.00
1736.0 758.0 0.00 0.00
986.0 367.0 0.00 0.00
1138.0 630.0 0.00 0.00
940.0 910.0 0.00 0.00
488.0 906.0 0.00 0.00
397.0 837.0 0.00 0.00
913.0 696.0 0.00 0.00
546.0 644.0 0.00 0.00
640.0 643.0 0.00 0.00
265.0 920.0 0.00 0.00
1681.0 861.0 0.00 0.00
555.0 644.0 0.00 0.00
862.0 931.0 0.00 0.00
1215.0 960.0 0.00 0.00
676.0 699.0 0.00 0.00
477.0 662.0 0.00 0.00
1725.0 682.0 0.00 0.00
308.0 631.0 0.00 0.00
417.0 970.0 0.00 0.00
165.0 726.0 0.00 0.00
94.0 949.0 0.00 0.00
78.0 813.0 0.00 0.00
946.0 811.0 0.00 0.00
1154.0 649.0 0.00 0.00
1664.0 691.0 0.00 0.00
35.0 752.0 0.00 0.00
495.0 825.0 0.00 0.00
456.0 871.0 0.00 0.00
727.0 694.0 0.00 0.00
437.0 810.0 0.00 0.00
356.0 772.0 0.00 0.00
926.0 720.0 0.00 0.00
529.0 645.0 0.00 0.00
613.0 893.0 0.00 0.00
956.0 745.0 0.00 0.00
528.0 683.0 0.00 0.00
701.0 656.0 0.00 0.00
89.0 677.0 0.00 0.00
127.0 891.0 0.00 0.00
892.0 643.0 0.00 0.00
511.0 802.0 0.00 0.00
216.0 960.0 0.00 0.00
1679.0 413.0 0.00 0.00
138.0 776.0 0.00 0.00
922.0 799.0 0.00 0.00
1665.0 627.0 0.00 0.00
1286.0 1003.0 0.00 0.00
192.0 946.0 0.00 0.00
735.0 832.0 0.00 0.00
1159.0 881.0 0.00 0.00
83.0 905.0 0.00 0.00
277.0 995.0 0.00 0.00
979.0 820.0 0.00 0.00
1096.0 317.0 0.00 0.00
549.0 974.0 0.00 0.00
1240.0 988.0 0.00 0.00
650.0 792.0 0.00 0.00
581.0 778.0 0.00 0.00
1786.0 379.0 0.00 0.00
18.0 662.0 0.00 0.00
15.0 732.0 0.00 0.00
309.0 896.0 0.00 0.00
1661.0 684.0 0.00 0.00
537.0 876.0 0.00 0.00
175.0 697.0 0.00 0.00
381.0 799.0 0.00 0.00
1553.0 718.0 0.00 0.00
619.0 720.0 0.00 0.00
405.0 667.0 0.00 0.00
963.0 630.0 0.00 0.00
1791.0 884.0 0.00 0.00
61.0 599.0 0.00 0.00
721.0 664.0 0.00 0.00
294.0 601.0 0.00 0.00
768.0 645.0 0.00 0.00
831.0 965.0 0.00 0.00
644.0 979.0 0.00 0.00
1468.0 769.0 0.00 0.00
28.0 840.0 0.00 0.00
383.0 598.0 0.00 0.00
1722.0 647.0 0.00 0.00
1484.0 707.0 0.00 0.00
600.0 754.0 0.00 0.00
1632.0 580.0 0.00 0.00
577.0 728.0 0.00 0.00
399.0 789.0 0.00 0.00
1047.0 783.0 0.00 0.00
366.0 675.0 0.00 0.00
891.0 852.0 0.00 0.00
1004.0 428.0 0.00 0.00
927.0 773.0 0.00 0.00
964.0 598.0 0.00 0.00
1247.0 894.0 0.00 0.00
1475.0 689.0 0.00 0.00
484.0 690.0 0.00 0.00
295.0 611.0 0.00 0.00
940.0 673.0 0.00 0.00
490.0 802.0 0.00 0.00
1568.0 940.0 0.00 0.00
882.0 1000.0 0.00 0.00
12.0 472.0 0.00 0.00
1590.0 560.0 0.00 0.00
1386.0 497.0 0.00 0.00
259.0 952.0 0.00 0.00
678.0 904.0 0.00 0.00
912.0 921.0 0.00 0.00
45.0 559.0 0.00 0.00
1189.0 771.0 0.00 0.00
1203.0 883.0 0.00 0.00
1355.0 769.0 0.00 0.00
966.0 330.0 0.00 0.00
1037.0 437.0 0.00 0.00
1133.0 739.0 0.00 0.00
312.0 995.0 0.00 0.00
952.0 956.0 0.00 0.00
375.0 712.0 0.00 0.00
833.0 928.0 0.00 0.00
419.0 879.0 0.00 0.00
241.0 674.0 0.00 0.00
564.0 683.0 0.00 0.00
1540.0 861.0 0.00 0.00
1116.0 962.0 0.00 0.00
416.0 600.0 0.00 0.00
834.0 782.0 0.00 0.00
503.0 640.0 0.00 0.00
73.0 875.0 0.00 0.00
56.0 442.0 0.00 0.00
1250.0 488.0 0.00 0.00
806.0 645.0 0.00 0.00
626.0 824.0 0.00 0.00
585.0 766.0 0.00 0.00
852.0 677.0 0.00 0.00
291.0 824.0 0.00 0.00
708.0 788.0 0.00 0.00
440.0 601.0 0.00 0.00
239.0 909.0 0.00 0.00
1494.0 508.0 0.00 0.00
591.0 841.0 0.00 0.00
979.0 890.0 0.00 0.00
80.0 541.0 0.00 0.00
904.0 756.0 0.00 0.00
142.0 817.0 0.00 0.00
685.0 885.0 0.00 0.00
111.0 906.0 0.00 0.00
1740.0 720.0 0.00 0.00
95.0 800.0 0.00 0.00
56.0 432.0 0.00 0.00
206.0 864.0 0.00 0.00
818.0 981.0 0.00 0.00
368.0 826.0 0.00 0.00
1368.0 487.0 0.00 0.00
145.0 694.0 0.00 0.00
735.0 964.0 0.00 0.00
850.0 900.0 0.00 0.00
1448.0 763.0 0.00 0.00
639.0 851.0 0.00 0.00
953.0 860.0 0.00 0.00
1127.0 912.0 0.00 0.00
1342.0 754.0 0.00 0.00
1682.0 327.0 0.00 0.00
426.0 980.0 0.00 0.00
1721.0 667.0 0.00 0.00
600.0 848.0 0.00 0.00
1303.0 856.0 0.00 0.00
1720.0 639.0 0.00 0.00
76.0 856.0 0.00 0.00
1279.0 979.0 0.00 0.00
391.0 881.0 0.00 0.00
359.0 894.0 0.00 0.00
396.0 656.0 0.00 0.00
467.0 703.0 0.00 0.00
358.0 931.0 0.00 0.00
641.0 677.0 0.00 0.00
726.0 774.0 0.00 0.00
99.0 866.0 0.00 0.00
1164.0 969.0 0.00 0.00
1375.0 445.0 0.00 0.00
286.0 585.0 0.00 0.00
732.0 811.0 0.00 0.00
1452.0 903.0 0.00 0.00
1144.0 600.0 0.00 0.00
1200.0 537.0 0.00 0.00
461.0 592.0 0.00 0.00
1650.0 968.0 0.00 0.00
218.0 752.0 0.00 0.00
524.0 691.0 0.00 0.00
495.0 726.0 0.00 0.00
1663.0 997.0 0.00 0.00
1058.0 858.0 0.00 0.00
457.0 893.0 0.00 0.00
1676.0 764.0 0.00 0.00
13.0 516.0 0.00 0.00
1028.0 960.0 0.00 0.00
1676.0 1183.0 0.00 0.00
228.0 801.0 0.00 0.00
32.0 876.0 0.00 0.00
1621.0 886.0 0.00 0.00
97.0 841.0 0.00 0.00
369.0 906.0 0.00 0.00
974.0 842.0 0.00 0.00
124.0 1001.0 0.00 0.00
794.0 782.0 0.00 0.00
1664.0 551.0 0.00 0.00
433.0 688.0 0.00 0.00
1665.0 607.0 0.00 0.00
1128.0 514.0 0.00 0.00
454.0 703.0 0.00 0.00
417.0 994.0 0.00 0.00
858.0 842.0 0.00 0.00
1163.0 706.0 0.00 0.00
1423.0 657.0 0.00 0.00
1665.0 1012.0 0.00 0.00
661.0 810.0 0.00 0.00
1290.0 511.0 0.00 0.00
214.0 789.0 0.00 0.00
1298.0 313.0 0.00 0.00
769.0 763.0 0.00 0.00
1053.0 831.0 0.00 0.00
1119.0 325.0 0.00 0.00
910.0 686.0 0.00 0.00
1469.0 501.0 0.00 0.00
717.0 696.0 0.00 0.00
549.0 747.0 0.00 0.00
193.0 892.0 0.00 0.00
970.0 676.0 0.00 0.00
1653.0 765.0 0.00 0.00
495.0 716.0 0.00 0.00
338.0 905.0 0.00 0.00
1592.0 914.0 0.00 0.00
95.0 633.0 0.00 0.00
1270.0 910.0 0.00 0.00
633.0 917.0 0.00 0.00
1139.0 963.0 0.00 0.00
56.0 734.0 0.00 0.00
1651.0 754.0 0.00 0.00
513.0 926.0 0.00 0.00
1248.0 537.0 0.00 0.00
172.0 803.0 0.00 0.00
1189.0 548.0 0.00 0.00
709.0 747.0 0.00 0.00
1381.0 487.0 0.00 0.00
52.0 475.0 0.00 0.00
600.0 788.0 0.00 0.00
1210.0 772.0 0.00 0.00
589.0 714.0 0.00 0.00
1179.0 968.0 0.00 0.00
1174.0 555.0 0.00 0.00
353.0 606.0 0.00 0.00
430.0 894.0 0.00 0.00
395.0 905.0 0.00 0.00
242.0 639.0 0.00 0.00
1631.0 739.0 0.00 0.00
615.0 760.0 0.00 0.00
41.0 832.0 0.00 0.00
129.0 638.0 0.00 0.00
1574.0 913.0 0.00 0.00
1192.0 535.0 0.00 0.00
1598.0 742.0 0.00 0.00
141.0 733.0 0.00 0.00
1655.0 693.0 0.00 0.00
181.0 832.0 0.00 0.00
1006.0 631.0 0.00 0.00
572.0 829.0 0.00 0.00
659.0 672.0 0.00 0.00
1606.0 685.0 0.00 0.00
1740.0 712.0 0.00 0.00
240.0 584.0 0.00 0.00
720.0 895.0 0.00 0.00
151.0 592.0 0.00 0.00
158.0 918.0 0.00 0.00
498.0 690.0 0.00 0.00
915.0 957.0 0.00 0.00
780.0 832.0 0.00 0.00
1319.0 457.0 0.00 0.00
183.0 679.0 0.00 0.00
76.0 737.0 0.00 0.00
9.0 767.0 0.00 0.00
557.0 779.0 0.00 0.00
242.0 658.0 0.00 0.00
1170.0 311.0 0.00 0.00
1137.0 935.0 0.00 0.00
943.0 665.0 0.00 0.00
1624.0 1008.0 0.00 0.00
305.0 655.0 0.00 0.00
1304.0 463.0 0.00 0.00
1581.0 537.0 0.00 0.00
1049.0 436.0 0.00 0.00
400.0 621.0 0.00 0.00
484.0 676.0 0.00 0.00
959.0 1001.0 0.00 0.00
1007.0 797.0 0.00 0.00
1271.0 936.0 0.00 0.00
247.0 791.0 0.00 0.00
383.0 932.0 0.00 0.00
942.0 723.0 0.00 0.00
1603.0 870.0 0.00 0.00
786.0 742.0 0.00 0.00
1613.0 788.0 0.00 0.00
65.0 965.0 0.00 0.00
1422.0 1003.0 0.00 0.00
955.0 657.0 0.00 0.00
936.0 784.0 0.00 0.00
170.0 1000.0 0.00 0.00
518.0 875.0 0.00 0.00
402.0 856.0 0.00 0.00
288.0 909.0 0.00 0.00
346.0 943.0 0.00 0.00
115.0 802.0 0.00 0.00
1566.0 336.0 0.00 0.00
389.0 984.0 0.00 0.00
1506.0 454.0 0.00 0.00
966.0 787.0 0.00 0.00
1631.0 530.0 0.00 0.00
1304.0 837.0 0.00 0.00
1476.0 447.0 0.00 0.00
1241.0 504.0 0.00 0.00
1082.0 857.0 0.00 0.00
1734.0 268.0 0.00 0.00
1340.0 733.0 0.00 0.00
1145.0 768.0 0.00 0.00
622.0 903.0 0.00 0.00
199.0 836.0 0.00 0.00
898.0 1000.0 0.00 0.00
701.0 698.0 0.00 0.00
1458.0 487.0 0.00 0.00
32.0 686.0 0.00 0.00
1609.0 557.0 0.00 0.00
682.0 998.0 0.00 0.00
1764.0 773.0 0.00 0.00
891.0 982.0 0.00 0.00
490.0 847.0 0.00 0.00
121.0 964.0 0.00 0.00
1531.0 509.0 0.00 0.00
1359.0 679.0 0.00 0.00
67.0 948.0 0.00 0.00
1779.0 943.0 0.00 0.00
1538.0 1004.0 0.00 0.00
1539.0 872.0 0.00 0.00
1187.0 541.0 0.00 0.00
73.0 440.0 0.00 0.00
469.0 712.0 0.00 0.00
87.0 864.0 0.00 0.00
620.0 688.0 0.00 0.00
280.0 781.0 0.00 0.00
866.0 661.0 0.00 0.00
984.0 772.0 0.00 0.00
469.0 735.0 0.00 0.00
1185.0 555.0 0.00 0.00
725.0 653.0 0.00 0.00
1171.0 860.0 0.00 0.00
1149.0 891.0 0.00 0.00
1317.0 500.0 0.00 0.00
439.0 766.0 0.00 0.00
1655.0 736.0 0.00 0.00
155.0 748.0 0.00 0.00
49.0 517.0 0.00 0.00
1594.0 938.0 0.00 0.00
589.0 892.0 0.00 0.00
993.0 634.0 0.00 0.00
319.0 176.0 0.00 0.00
1224.0 882.0 0.00 0.00
633.0 760.0 0.00 0.00
907.0 790.0 0.00 0.00
937.0 845.0 0.00 0.00
324.0 882.0 0.00 0.00
58.0 408.0 0.00 0.00
605.0 952.0 0.00 0.00
1701.0 762.0 0.00 0.00
1709.0 618.0 0.00 0.00
489.0 623.0 0.00 0.00
1207.0 308.0 0.00 0.00
416.0 779.0 0.00 0.00
915.0 728.0 0.00 0.00
214.0 804.0 0.00 0.00
1341.0 768.0 0.00 0.00
1350.0 491.0 0.00 0.00
147.0 864.0 0.00 0.00
590.0 733.0 0.00 0.00
1328.0 486.0 0.00 0.00
1359.0 447.0 0.00 0.00
1635.0 995.0 0.00 0.00
813.0 636.0 0.00 0.00
1020.0 332.0 0.00 0.00
608.0 551.0 0.00 0.00
19.0 639.0 0.00 0.00
1492.0 450.0 0.00 0.00
1101.0 757.0 0.00 0.00
964.0 493.0 0.00 0.00
1180.0 743.0 0.00 0.00
1509.0 462.0 0.00 0.00
563.0 691.0 0.00 0.00
1593.0 491.0 0.00 0.00
129.0 867.0 0.00 0.00
1007.0 960.0 0.00 0.00
920.0 756.0 0.00 0.00
1614.0 332.0 0.00 0.00
649.0 660.0 0.00 0.00
65.0 538.0 0.00 0.00
1229.0 554.0 0.00 0.00
1327.0 455.0 0.00 0.00
1105.0 859.0 0.00 0.00
679.0 838.0 0.00 0.00
337.0 881.0 0.00 0.00
458.0 634.0 0.00 0.00
28.0 831.0 0.00 0.00
1677.0 753.0 0.00 0.00
54.0 753.0 0.00 0.00
1722.0 732.0 0.00 0.00
1292.0 800.0 0.00 0.00
457.0 880.0 0.00 0.00
922.0 644.0 0.00 0.00
329.0 645.0 0.00 0.00
159.0 713.0 0.00 0.00
1517.0 1002.0 0.00 0.00
74.0 668.0 0.00 0.00
1202.0 589.0 0.00 0.00
1769.0 830.0 0.00 0.00
223.0 874.0 0.00 0.00
1519.0 687.0 0.00 0.00
1132.0 314.0 0.00 0.00
911.0 828.0 0.00 0.00
1142.0 622.0 0.00 0.00
602.0 743.0 0.00 0.00
649.0 950.0 0.00 0.00
184.0 777.0 0.00 0.00
331.0 723.0 0.00 0.00
1702.0 623.0 0.00 0.00
935.0 658.0 0.00 0.00
585.0 864.0 0.00 0.00
470.0 809.0 0.00 0.00
1193.0 935.0 0.00 0.00
964.0 504.0 0.00 0.00
837.0 801.0 0.00 0.00
898.0 766.0 0.00 0.00
927.0 861.0 0.00 0.00
594.0 977.0 0.00 0.00
177.0 925.0 0.00 0.00
927.0 904.0 0.00 0.00
157.0 608.0 0.00 0.00
1500.0 358.0 0.00 0.00
758.0 695.0 0.00 0.00
923.0 954.0 0.00 0.00
1415.0 991.0 0.00 0.00
449.0 798.0 0.00 0.00
1745.0 980.0 0.00 0.00
17.0 685.0 0.00 0.00
617.0 917.0 0.00 0.00
1602.0 758.0 0.00 0.00
726.0 644.0 0.00 0.00
1081.0 714.0 0.00 0.00
98.0 558.0 0.00 0.00
1705.0 750.0 0.00 0.00
143.0 878.0 0.00 0.00
218.0 949.0 0.00 0.00
450.0 787.0 0.00 0.00
1062.0 319.0 0.00 0.00
1505.0 837.0 0.00 0.00
1454.0 705.0 0.00 0.00
192.0 917.0 0.00 0.00
183.0 592.0 0.00 0.00
485.0 639.0 0.00 0.00
1405.0 793.0 0.00 0.00
21.0 618.0 0.00 0.00
1180.0 980.0 0.00 0.00
1230.0 763.0 0.00 0.00
583.0 694.0 0.00 0.00
1169.0 736.0 0.00 0.00
1645.0 645.0 0.00 0.00
560.0 937.0 0.00 0.00
489.0 821.0 0.00 0.00
1568.0 527.0 0.00 0.00
868.0 685.0 0.00 0.00
1165.0 759.0 0.00 0.00
1653.0 552.0 0.00 0.00
1158.0 666.0 0.00 0.00
1294.0 890.0 0.00 0.00
1293.0 870.0 0.00 0.00
1218.0 512.0 0.00 0.00
1650.0 275.0 0.00 0.00
95.0 604.0 0.00 0.00
1565.0 1008.0 0.00 0.00
603.0 928.0 0.00 0.00
1407.0 622.0 0.00 0.00
965.0 664.0 0.00 0.00
1756.0 972.0 0.00 0.00
121.0 975.0 0.00 0.00
1703.0 978.0 0.00 0.00
1749.0 279.0 0.00 0.00
1314.0 999.0 0.00 0.00
570.0 858.0 0.00 0.00
1497.0 297.0 0.00 0.00
814.0 744.0 0.00 0.00
606.0 826.0 0.00 0.00
186.0 634.0 0.00 0.00
482.0 993.0 0.00 0.00
1378.0 1191.0 0.00 0.00
544.0 869.0 0.00 0.00
1655.0 476.0 0.00 0.00
1769.0 281.0 0.00 0.00
640.0 839.0 0.00 0.00
1470.0 454.0 0.00 0.00
1677.0 654.0 0.00 0.00
255.0 645.0 0.00 0.00
1421.0 783.0 0.00 0.00
716.0 835.0 0.00 0.00
725.0 789.0 0.00 0.00
1788.0 266.0 0.00 0.00
543.0 754.0 0.00 0.00
1302.0 768.0 0.00 0.00
346.0 1187.0 0.00 0.00
781.0 771.0 0.00 0.00
31.0 491.0 0.00 0.00
964.0 448.0 0.00 0.00
1422.0 640.0 0.00 0.00
1179.0 561.0 0.00 0.00
1337.0 310.0 0.00 0.00
1274.0 484.0 0.00 0.00
1683.0 977.0 0.00 0.00
119.0 704.0 0.00 0.00
1551.0 607.0 0.00 0.00
574.0 692.0 0.00 0.00
1548.0 337.0 0.00 0.00
991.0 956.0 0.00 0.00
1642.0 834.0 0.00 0.00
817.0 998.0 0.00 0.00
877.0 900.0 0.00 0.00
198.0 990.0 0.00 0.00
1751.0 991.0 0.00 0.00
1277.0 881.0 0.00 0.00
486.0 767.0 0.00 0.00
172.0 987.0 0.00 0.00
1598.0 505.0 0.00 0.00
876.0 913.0 0.00 0.00
1208.0 610.0 0.00 0.00
1340.0 351.0 0.00 0.00
1614.0 505.0 0.00 0.00
1195.0 959.0 0.00 0.00
1584.0 787.0 0.00 0.00
696.0 639.0 0.00 0.00
961.0 895.0 0.00 0.00
229.0 996.0 0.00 0.00
155.0 905.0 0.00 0.00
488.0 966.0 0.00 0.00
95.0 588.0 0.00 0.00
1517.0 780.0 0.00 0.00
1712.0 646.0 0.00 0.00
1137.0 617.0 0.00 0.00
594.0 745.0 0.00 0.00
733.0 997.0 0.00 0.00
91.0 757.0 0.00 0.00
327.0 732.0 0.00 0.00
895.0 706.0 0.00 0.00
171.0 892.0 0.00 0.00
482.0 828.0 0.00 0.00
1025.0 695.0 0.00 0.00
930.0 893.0 0.00 0.00
32.0 780.0 0.00 0.00
746.0 774.0 0.00 0.00
518.0 819.0 0.00 0.00
1608.0 277.0 0.00 0.00
23.0 850.0 0.00 0.00
988.0 924.0 0.00 0.00
1732.0 715.0 0.00 0.00
164.0 964.0 0.00 0.00
669.0 767.0 0.00 0.00
79.0 690.0 0.00 0.00
941.0 881.0 0.00 0.00
1127.0 989.0 0.00 0.00
716.0 860.0 0.00 0.00
1351.0 366.0 0.00 0.00
988.0 877.0 0.00 0.00
1500.0 709.0 0.00 0.00
540.0 939.0 0.00 0.00
540.0 770.0 0.00 0.00
29.0 468.0 0.00 0.00
1694.0 271.0 0.00 0.00
1276.0 860.0 0.00 0.00
1318.0 465.0 0.00 0.00
21.0 575.0 0.00 0.00
1726.0 655.0 0.00 0.00
170.0 877.0 0.00 0.00
49.0 496.0 0.00 0.00
1715.0 971.0 0.00 0.00
711.0 997.0 0.00 0.00
1658.0 675.0 0.00 0.00
554.0 803.0 0.00 0.00
1632.0 331.0 0.00 0.00
1248.0 360.0 0.00 0.00
76.0 841.0 0.00 0.00
1222.0 969.0 0.00 0.00
1100.0 608.0 0.00 0.00
582.0 995.0 0.00 0.00
210.0 950.0 0.00 0.00
1566.0 281.0 0.00 0.00
192.0 610.0 0.00 0.00
389.0 675.0 0.00 0.00
609.0 654.0 0.00 0.00
1482.0 343.0 0.00 0.00
1696.0 989.0 0.00 0.00
560.0 904.0 0.00 0.00
47.0 600.0 0.00 0.00
1539.0 977.0 0.00 0.00
837.0 847.0 0.00 0.00
735.0 112.0 0.00 0.00
469.0 649.0 0.00 0.00
29.0 427.0 0.00 0.00
716.0 942.0 0.00 0.00
917.0 766.0 0.00 0.00
1023.0 319.0 0.00 0.00
1169.0 817.0 0.00 0.00
612.0 944.0 0.00 0.00
408.0 801.0 0.00 0.00
202.0 913.0 0.00 0.00
1570.0 717.0 0.00 0.00
1690.0 601.0 0.00 0.00
936.0 701.0 0.00 0.00
362.0 868.0 0.00 0.00
170.0 607.0 0.00 0.00
274.0 609.0 0.00 0.00
1688.0 967.0 0.00 0.00
1524.0 284.0 0.00 0.00
1737.0 898.0 0.00 0.00
208.0 655.0 0.00 0.00
1245.0 306.0 0.00 0.00
836.0 978.0 0.00 0.00
1129.0 959.0 0.00 0.00
460.0 974.0 0.00 0.00
1540.0 294.0 0.00 0.00
980.0 788.0 0.00 0.00
1666.0 700.0 0.00 0.00
166.0 1189.0 0.00 0.00
1244.0 970.0 0.00 0.00
680.0 660.0 0.00 0.00
335.0 943.0 0.00 0.00
47.0 396.0 0.00 0.00
949.0 735.0 0.00 0.00
70.0 805.0 0.00 0.00
1617.0 519.0 0.00 0.00
1534.0 766.0 0.00 0.00
1591.0 885.0 0.00 0.00
462.0 860.0 0.00 0.00
1230.0 375.0 0.00 0.00
1150.0 850.0 0.00 0.00
1644.0 997.0 0.00 0.00
1313.0 593.0 0.00 0.00
1392.0 443.0 0.00 0.00
241.0 951.0 0.00 0.00
719.0 908.0 0.00 0.00
374.0 971.0 0.00 0.00
1387.0 306.0 0.00 0.00
1129.0 531.0 0.00 0.00
377.0 856.0 0.00 0.00
1776.0 63.0 0.00 0.00
1161.0 962.0 0.00 0.00
1510.0 732.0 0.00 0.00
303.0 649.0 0.00 0.00
1716.0 998.0 0.00 0.00
1270.0 958.0 0.00 0.00
1339.0 710.0 0.00 0.00
407.0 869.0 0.00 0.00
1205.0 463.0 0.00 0.00
1195.0 543.0 0.00 0.00
1284.0 303.0 0.00 0.00
1576.0 895.0 0.00 0.00
1310.0 355.0 0.00 0.00
1779.0 546.0 0.00 0.00
77.0 720.0 0.00 0.00
1296.0 959.0 0.00 0.00
1322.0 300.0 0.00 0.00
942.0 920.0 0.00 0.00
45.0 623.0 0.00 0.00
614.0 786.0 0.00 0.00
1658.0 701.0 0.00 0.00
174.0 622.0 0.00 0.00
1172.0 959.0 0.00 0.00
1252.0 496.0 0.00 0.00
323.0 910.0 0.00 0.00
11.0 549.0 0.00 0.00
590.0 753.0 0.00 0.00
232.0 809.0 0.00 0.00
1125.0 1007.0 0.00 0.00
12.0 744.0 0.00 0.00
1166.0 579.0 0.00 0.00
75.0 409.0 0.00 0.00
273.0 800.0 0.00 0.00
894.0 672.0 0.00 0.00
283.0 630.0 0.00 0.00
868.0 901.0 0.00 0.00
392.0 958.0 0.00 0.00
1436.0 346.0 0.00 0.00
308.0 910.0 0.00 0.00
1771.0 858.0 0.00 0.00
1771.0 972.0 0.00 0.00
1222.0 816.0 0.00 0.00
392.0 918.0 0.00 0.00
832.0 953.0 0.00 0.00
904.0 939.0 0.00 0.00
1583.0 760.0 0.00 0.00
1290.0 715.0 0.00 0.00
904.0 955.0 0.00 0.00
600.0 831.0 0.00 0.00
1737.0 610.0 0.00 0.00
1555.0 521.0 0.00 0.00
1084.0 594.0 0.00 0.00
1232.0 316.0 0.00 0.00
588.0 800.0 0.00 0.00
1399.0 483.0 0.00 0.00
1313.0 969.0 0.00 0.00
285.0 600.0 0.00 0.00
1175.0 327.0 0.00 0.00
59.0 687.0 0.00 0.00
1007.0 820.0 0.00 0.00
850.0 956.0 0.00 0.00
1256.0 667.0 0.00 0.00
905.0 632.0 0.00 0.00
74.0 769.0 0.00 0.00
128.0 575.0 0.00 0.00
50.0 818.0 0.00 0.00
1375.0 767.0 0.00 0.00
1048.0 424.0 0.00 0.00
1362.0 296.0 0.00 0.00
1221.0 520.0 0.00 0.00
1782.0 857.0 0.00 0.00
1170.0 561.0 0.00 0.00
1007.0 696.0 0.00 0.00
1169.0 981.0 0.00 0.00
18.0 427.0 0.00 0.00
335.0 735.0 0.00 0.00
964.0 534.0 0.00 0.00
1486.0 491.0 0.00 0.00
35.0 735.0 0.00 0.00
142.0 725.0 0.00 0.00
265.0 865.0 0.00 0.00
981.0 674.0 0.00 0.00
568.0 746.0 0.00 0.00
1479.0 356.0 0.00 0.00
24.0 536.0 0.00 0.00
1425.0 442.0 0.00 0.00
974.0 861.0 0.00 0.00
1111.0 971.0 0.00 0.00
587.0 722.0 0.00 0.00
541.0 744.0 0.00 0.00
657.0 824.0 0.00 0.00
100.0 812.0 0.00 0.00
1234.0 935.0 0.00 0.00
1377.0 838.0 0.00 0.00
734.0 127.0 0.00 0.00
641.0 664.0 0.00 0.00
151.0 620.0 0.00 0.00
191.0 931.0 0.00 0.00
1617.0 719.0 0.00 0.00
455.0 920.0 0.00 0.00
819.0 650.0 0.00 0.00
715.0 850.0 0.00 0.00
1415.0 942.0 0.00 0.00
190.0 905.0 0.00 0.00
1008.0 678.0 0.00 0.00
1434.0 485.0 0.00 0.00
73.0 431.0 0.00 0.00
903.0 921.0 0.00 0.00
1786.0 366.0 0.00 0.00
797.0 762.0 0.00 0.00
878.0 820.0 0.00 0.00
673.0 730.0 0.00 0.00
1456.0 300.0 0.00 0.00
945.0 787.0 0.00 0.00
1239.0 388.0 0.00 0.00
868.0 672.0 0.00 0.00
1565.0 993.0 0.00 0.00
44.0 705.0 0.00 0.00
98.0 980.0 0.00 0.00
758.0 642.0 0.00 0.00
1441.0 291.0 0.00 0.00
54.0 679.0 0.00 0.00
102.0 955.0 0.00 0.00
795.0 801.0 0.00 0.00
302.0 671.0 0.00 0.00
631.0 875.0 0.00 0.00
872.0 880.0 0.00 0.00
1573.0 414.0 0.00 0.00
721.0 801.0 0.00 0.00
1071.0 335.0 0.00 0.00
918.0 1001.0 0.00 0.00
161.0 849.0 0.00 0.00
763.0 774.0 0.00 0.00
203.0 784.0 0.00 0.00
1609.0 928.0 0.00 0.00
1132.0 382.0 0.00 0.00
18.0 1183.0 0.00 0.00
861.0 889.0 0.00 0.00
433.0 641.0 0.00 0.00
589.0 791.0 0.00 0.00
631.0 727.0 0.00 0.00
1463.0 690.0 0.00 0.00
1569.0 837.0 0.00 0.00
1243.0 1002.0 0.00 0.00
1136.0 87.0 0.00 0.00
1252.0 747.0 0.00 0.00
103.0 800.0 0.00 0.00
1729.0 698.0 0.00 0.00
1383.0 958.0 0.00 0.00
42.0 579.0 0.00 0.00
1007.0 843.0 0.00 0.00
253.0 690.0 0.00 0.00
1459.0 1001.0 0.00 0.00
84.0 488.0 0.00 0.00
1092.0 916.0 0.00 0.00
1429.0 451.0 0.00 0.00
203.0 906.0 0.00 0.00
90.0 664.0 0.00 0.00
819.0 953.0 0.00 0.00
340.0 649.0 0.00 0.00
832.0 768.0 0.00 0.00
623.0 658.0 0.00 0.00
287.0 718.0 0.00 0.00
750.0 666.0 0.00 0.00
1139.0 981.0 0.00 0.00
724.0 762.0 0.00 0.00
1282.0 988.0 0.00 0.00
126.0 744.0 0.00 0.00
658.0 936.0 0.00 0.00
1438.0 451.0 0.00 0.00
737.0 896.0 0.00 0.00
1489.0 768.0 0.00 0.00
153.0 776.0 0.00 0.00
1074.0 782.0 0.00 0.00
419.0 835.0 0.00 0.00
654.0 861.0 0.00 0.00
1035.0 782.0 0.00 0.00
1569.0 984.0 0.00 0.00
1663.0 966.0 0.00 0.00
1112.0 802.0 0.00 0.00
388.0 609.0 0.00 0.00
822.0 811.0 0.00 0.00
508.0 760.0 0.00 0.00
1727.0 975.0 0.00 0.00
1130.0 632.0 0.00 0.00
1766.0 915.0 0.00 0.00
712.0 924.0 0.00 0.00
956.0 676.0 0.00 0.00
704.0 957.0 0.00 0.00
827.0 1000.0 0.00 0.00
1484.0 449.0 0.00 0.00
428.0 970.0 0.00 0.00
1592.0 545.0 0.00 0.00
337.0 821.0 0.00 0.00
510.0 743.0 0.00 0.00
1125.0 797.0 0.00 0.00
1624.0 575.0 0.00 0.00
384.0 944.0 0.00 0.00
1003.0 324.0 0.00 0.00
1452.0 838.0 0.00 0.00
782.0 637.0 0.00 0.00
746.0 734.0 0.00 0.00
819.0 965.0 0.00 0.00
272.0 692.0 0.00 0.00
1393.0 633.0 0.00 0.00
1259.0 642.0 0.00 0.00
1481.0 802.0 0.00 0.00
1482.0 288.0 0.00 0.00
973.0 910.0 0.00 0.00
286.0 759.0 0.00 0.00
481.0 593.0 0.00 0.00
947.0 631.0 0.00 0.00
1522.0 849.0 0.00 0.00
1158.0 892.0 0.00 0.00
1384.0 663.0 0.00 0.00
1464.0 701.0 0.00 0.00
1467.0 433.0 0.00 0.00
320.0 959.0 0.00 0.00
563.0 760.0 0.00 0.00
648.0 890.0 0.00 0.00
1675.0 578.0 0.00 0.00
807.0 773.0 0.00 0.00
1243.0 911.0 0.00 0.00
947.0 749.0 0.00 0.00
1356.0 799.0 0.00 0.00
1660.0 559.0 0.00 0.00
555.0 863.0 0.00 0.00
973.0 772.0 0.00 0.00
192.0 728.0 0.00 0.00
111.0 678.0 0.00 0.00
74.0 864.0 0.00 0.00
1193.0 882.0 0.00 0.00
623.0 967.0 0.00 0.00
1408.0 485.0 0.00 0.00
1150.0 608.0 0.00 0.00
623.0 797.0 0.00 0.00
1061.0 616.0 0.00 0.00
1467.0 761.0 0.00 0.00
842.0 989.0 0.00 0.00
1436.0 360.0 0.00 0.00
1527.0 837.0 0.00 0.00
261.0 960.0 0.00 0.00
1314.0 949.0 0.00 0.00
244.0 719.0 0.00 0.00
337.0 851.0 0.00 0.00
1106.0 616.0 0.00 0.00
546.0 908.0 0.00 0.00
1466.0 711.0 0.00 0.00
456.0 676.0 0.00 0.00
482.0 947.0 0.00 0.00
780.0 677.0 0.00 0.00
402.0 680.0 0.00 0.00
543.0 578.0 0.00 0.00
1715.0 632.0 0.00 0.00
255.0 658.0 0.00 0.00
326.0 854.0 0.00 0.00
1338.0 781.0 0.00 0.00
834.0 902.0 0.00 0.00
1064.0 400.0 0.00 0.00
452.0 754.0 0.00 0.00
607.0 906.0 0.00 0.00
883.0 888.0 0.00 0.00
739.0 662.0 0.00 0.00
1035.0 336.0 0.00 0.00
1179.0 617.0 0.00 0.00
326.0 866.0 0.00 0.00
335.0 783.0 0.00 0.00
753.0 733.0 0.00 0.00
923.0 746.0 0.00 0.00
1358.0 641.0 0.00 0.00
509.0 995.0 0.00 0.00
1543.0 542.0 0.00 0.00
880.0 658.0 0.00 0.00
391.0 859.0 0.00 0.00
1688.0 286.0 0.00 0.00
207.0 593.0 0.00 0.00
1166.0 769.0 0.00 0.00
1174.0 366.0 0.00 0.00
574.0 921.0 0.00 0.00
1585.0 495.0 0.00 0.00
1384.0 1002.0 0.00 0.00
887.0 723.0 0.00 0.00
370.0 917.0 0.00 0.00
1175.0 568.0 0.00 0.00
1292.0 848.0 0.00 0.00
54.0 765.0 0.00 0.00
32.0 327.0 0.00 0.00
1159.0 911.0 0.00 0.00
1624.0 628.0 0.00 0.00
366.0 983.0 0.00 0.00
919.0 813.0 0.00 0.00
732.0 978.0 0.00 0.00
969.0 645.0 0.00 0.00
42.0 973.0 0.00 0.00
970.0 709.0 0.00 0.00
33.0 716.0 0.00 0.00
485.0 654.0 0.00 0.00
1151.0 960.0 0.00 0.00
1622.0 968.0 0.00 0.00
784.0 755.0 0.00 0.00
1746.0 1017.0 0.00 0.00
997.0 1004.0 0.00 0.00
995.0 660.0 0.00 0.00
214.0 885.0 0.00 0.00
608.0 876.0 0.00 0.00
1394.0 793.0 0.00 0.00
548.0 654.0 0.00 0.00
734.0 653.0 0.00 0.00
629.0 701.0 0.00 0.00
1639.0 785.0 0.00 0.00
907.0 672.0 0.00 0.00
671.0 935.0 0.00 0.00
1113.0 684.0 0.00 0.00
831.0 699.0 0.00 0.00
159.0 448.0 0.00 0.00
1554.0 751.0 0.00 0.00
830.0 983.0 0.00 0.00
576.0 661.0 0.00 0.00
1398.0 611.0 0.00 0.00
913.0 813.0 0.00 0.00
433.0 800.0 0.00 0.00
1270.0 522.0 0.00 0.00
282.0 772.0 0.00 0.00
936.0 941.0 0.00 0.00
995.0 883.0 0.00 0.00
543.0 891.0 0.00 0.00
1303.0 611.0 0.00 0.00
600.0 670.0 0.00 0.00
588.0 656.0 0.00 0.00
710.0 893.0 0.00 0.00
695.0 924.0 0.00 0.00
704.0 719.0 0.00 0.00
1670.0 571.0 0.00 0.00
560.0 817.0 0.00 0.00
284.0 704.0 0.00 0.00
1292.0 859.0 0.00 0.00
1231.0 695.0 0.00 0.00
1743.0 32.0 0.00 0.00
585.0 670.0 0.00 0.00
1227.0 670.0 0.00 0.00
1497.0 675.0 0.00 0.00
508.0 705.0 0.00 0.00
361.0 880.0 0.00 0.00
1382.0 936.0 0.00 0.00
117.0 653.0 0.00 0.00
1485.0 689.0 0.00 0.00
37.0 393.0 0.00 0.00
391.0 969.0 0.00 0.00
999.0 379.0 0.00 0.00
1611.0 348.0 0.00 0.00
278.0 740.0 0.00 0.00
609.0 643.0 0.00 0.00
10.0 819.0 0.00 0.00
1273.0 755.0 0.00 0.00
1554.0 365.0 0.00 0.00
503.0 240.0 0.00 0.00
1401.0 293.0 0.00 0.00
1753.0 350.0 0.00 0.00
1265.0 770.0 0.00 0.00
1778.0 928.0 0.00 0.00
638.0 782.0 0.00 0.00
1791.0 915.0 0.00 0.00
719.0 320.0 0.00 0.00
597.0 654.0 0.00 0.00
143.0 620.0 0.00 0.00
263.0 909.0 0.00 0.00
1417.0 442.0 0.00 0.00
591.0 671.0 0.00 0.00
964.0 988.0 0.00 0.00
559.0 788.0 0.00 0.00
1389.0 450.0 0.00 0.00
1427.0 734.0 0.00 0.00
1144.0 758.0 0.00 0.00
992.0 865.0 0.00 0.00
1599.0 496.0 0.00 0.00
831.0 591.0 0.00 0.00
504.0 918.0 0.00 0.00
550.0 952.0 0.00 0.00
366.0 970.0 0.00 0.00
44.0 733.0 0.00 0.00
553.0 736.0 0.00 0.00
576.0 736.0 0.00 0.00
1121.0 394.0 0.00 0.00
575.0 838.0 0.00 0.00
911.0 989.0 0.00 0.00
127.0 917.0 0.00 0.00
194.0 651.0 0.00 0.00
1408.0 683.0 0.00 0.00
517.0 829.0 0.00 0.00
957.0 711.0 0.00 0.00
967.0 322.0 0.00 0.00
1556.0 760.0 0.00 0.00
647.0 851.0 0.00 0.00
293.0 970.0 0.00 0.00
1432.0 1022.0 0.00 0.00
1624.0 524.0 0.00 0.00
649.0 669.0 0.00 0.00
387.0 842.0 0.00 0.00
1447.0 690.0 0.00 0.00
597.0 898.0 0.00 0.00
176.0 400.0 0.00 0.00
83.0 519.0 0.00 0.00
1644.0 683.0 0.00 0.00
1427.0 371.0 0.00 0.00
83.0 754.0 0.00 0.00
972.0 700.0 0.00 0.00
1112.0 383.0 0.00 0.00
963.0 912.0 0.00 0.00
1357.0 352.0 0.00 0.00
1311.0 459.0 0.00 0.00
1162.0 573.0 0.00 0.00
239.0 698.0 0.00 0.00
983.0 335.0 0.00 0.00
1149.0 878.0 0.00 0.00
1249.0 920.0 0.00 0.00
279.0 840.0 0.00 0.00
943.0 647.0 0.00 0.00
950.0 727.0 0.00 0.00
1119.0 705.0 0.00 0.00
964.0 615.0 0.00 0.00
1668.0 975.0 0.00 0.00
1116.0 369.0 0.00 0.00
636.0 691.0 0.00 0.00
795.0 735.0 0.00 0.00
572.0 721.0 0.00 0.00
1745.0 337.0 0.00 0.00
1078.0 1006.0 0.00 0.00
157.0 832.0 0.00 0.00
390.0 818.0 0.00 0.00
1780.0 970.0 0.00 0.00
1362.0 378.0 0.00 0.00
67.0 902.0 0.00 0.00
1740.0 1016.0 0.00 0.00
919.0 977.0 0.00 0.00
1042.0 430.0 0.00 0.00
1175.0 391.0 0.00 0.00
800.0 749.0 0.00 0.00
1459.0 645.0 0.00 0.00
1073.0 318.0 0.00 0.00
526.0 859.0 0.00 0.00
1356.0 733.0 0.00 0.00
655.0 802.0 0.00 0.00
92.0 411.0 0.00 0.00
236.0 787.0 0.00 0.00
141.0 931.0 0.00 0.00
698.0 739.0 0.00 0.00
1239.0 722.0 0.00 0.00
377.0 982.0 0.00 0.00
238.0 704.0 0.00 0.00
693.0 762.0 0.00 0.00
1259.0 492.0 0.00 0.00
1462.0 453.0 0.00 0.00
135.0 805.0 0.00 0.00
1433.0 556.0 0.00 0.00
354.0 982.0 0.00 0.00
1153.0 587.0 0.00 0.00
705.0 711.0 0.00 0.00
40.0 949.0 0.00 0.00
90.0 654.0 0.00 0.00
751.0 703.0 0.00 0.00
454.0 722.0 0.00 0.00
328.0 542.0 0.00 0.00
1300.0 470.0 0.00 0.00
1743.0 1000.0 0.00 0.00
181.0 959.0 0.00 0.00
529.0 918.0 0.00 0.00
1204.0 523.0 0.00 0.00
69.0 907.0 0.00 0.00
568.0 877.0 0.00 0.00
1481.0 768.0 0.00 0.00
271.0 224.0 0.00 0.00
1317.0 754.0 0.00 0.00
745.0 653.0 0.00 0.00
147.0 660.0 0.00 0.00
512.0 859.0 0.00 0.00
1302.0 382.0 0.00 0.00
959.0 687.0 0.00 0.00
1320.0 734.0 0.00 0.00
1233.0 361.0 0.00 0.00
120.0 815.0 0.00 0.00
604.0 918.0 0.00 0.00
1735.0 1016.0 0.00 0.00
884.0 833.0 0.00 0.00
698.0 977.0 0.00 0.00
1411.0 871.0 0.00 0.00
406.0 658.0 0.00 0.00
1675.0 970.0 0.00 0.00
915.0 879.0 0.00 0.00
1728.0 284.0 0.00 0.00
551.0 769.0 0.00 0.00
1270.0 314.0 0.00 0.00
804.0 653.0 0.00 0.00
980.0 429.0 0.00 0.00
196.0 983.0 0.00 0.00
41.0 921.0 0.00 0.00
511.0 787.0 0.00 0.00
1248.0 80.0 0.00 0.00
273.0 717.0 0.00 0.00
82.0 773.0 0.00 0.00
1543.0 512.0 0.00 0.00
490.0 873.0 0.00 0.00
1450.0 487.0 0.00 0.00
1117.0 734.0 0.00 0.00
763.0 793.0 0.00 0.00
1730.0 706.0 0.00 0.00
1642.0 662.0 0.00 0.00
1592.0 895.0 0.00 0.00
767.0 733.0 0.00 0.00
216.0 559.0 0.00 0.00
1723.0 886.0 0.00 0.00
1476.0 678.0 0.00 0.00
1359.0 112.0 0.00 0.00
1586.0 487.0 0.00 0.00
1105.0 936.0 0.00 0.00
104.0 974.0 0.00 0.00
1710.0 900.0 0.00 0.00
1215.0 239.0 0.00 0.00
933.0 817.0 0.00 0.00
1781.0 779.0 0.00 0.00
320.0 952.0 0.00 0.00
667.0 687.0 0.00 0.00
1551.0 112.0 0.00 0.00
383.0 504.0 0.00 0.00
708.0 882.0 0.00 0.00
1146.0 614.0 0.00 0.00
610.0 662.0 0.00 0.00
1172.0 701.0 0.00 0.00
1642.0 541.0 0.00 0.00
948.0 940.0 0.00 0.00
1607.0 845.0 0.00 0.00
71.0 813.0 0.00 0.00
1499.0 452.0 0.00 0.00
889.0 800.0 0.00 0.00
818.0 676.0 0.00 0.00
1135.0 127.0 0.00 0.00
1112.0 692.0 0.00 0.00
352.0 623.0 0.00 0.00
1500.0 460.0 0.00 0.00
1572.0 480.0 0.00 0.00
911.0 55.0 0.00 0.00
301.0 832.0 0.00 0.00
1377.0 657.0 0.00 0.00
95.0 702.0 0.00 0.00
335.0 576.0 0.00 0.00
80.0 785.0 0.00 0.00
557.0 996.0 0.00 0.00
68.0 515.0 0.00 0.00
1765.0 784.0 0.00 0.00
677.0 866.0 0.00 0.00
1127.0 639.0 0.00 0.00
293.0 958.0 0.00 0.00
993.0 304.0 0.00 0.00
162.0 988.0 0.00 0.00
129.0 976.0 0.00 0.00
1232.0 32.0 0.00 0.00
842.0 63.0 0.00 0.00
375.0 449.0 0.00 0.00
713.0 724.0 0.00 0.00
1280.0 959.0 0.00 0.00
228.0 778.0 0.00 0.00
1006.0 748.0 0.00 0.00
1488.0 780.0 0.00 0.00
1008.0 825.0 0.00 0.00
1688.0 354.0 0.00 0.00
1076.0 422.0 0.00 0.00
756.0 678.0 0.00 0.00
650.0 726.0 0.00 0.00
1624.0 940.0 0.00 0.00
964.0 581.0 0.00 0.00
857.0 857.0 0.00 0.00
1550.0 478.0 0.00 0.00
440.0 463.0 0.00 0.00
1342.0 492.0 0.00 0.00
311.0 602.0 0.00 0.00
189.0 857.0 0.00 0.00
902.0 833.0 0.00 0.00
467.0 779.0 0.00 0.00
1714.0 572.0 0.00 0.00
1487.0 370.0 0.00 0.00
1415.0 981.0 0.00 0.00
1280.0 480.0 0.00 0.00
1774.0 897.0 0.00 0.00
964.0 801.0 0.00 0.00
373.0 841.0 0.00 0.00
68.0 934.0 0.00 0.00
911.0 862.0 0.00 0.00
112.0 917.0 0.00 0.00
1607.0 1008.0 0.00 0.00
455.0 688.0 0.00 0.00
650.0 734.0 0.00 0.00
149.0 726.0 0.00 0.00
666.0 725.0 0.00 0.00
583.0 38.0 0.00 0.00
1041.0 520.0 0.00 0.00
524.0 697.0 0.00 0.00
688.0 895.0 0.00 0.00
221.0 908.0 0.00 0.00
1212.0 979.0 0.00 0.00
536.0 780.0 0.00 0.00
718.0 684.0 0.00 0.00
1399.0 1000.0 0.00 0.00
46.0 327.0 0.00 0.00
374.0 777.0 0.00 0.00
1710.0 731.0 0.00 0.00
704.0 674.0 0.00 0.00
1644.0 974.0 0.00 0.00
1169.0 724.0 0.00 0.00
585.0 949.0 0.00 0.00
843.0 734.0 0.00 0.00
730.0 765.0 0.00 0.00
891.0 860.0 0.00 0.00
1613.0 994.0 0.00 0.00
218.0 764.0 0.00 0.00
1310.0 468.0 0.00 0.00
869.0 641.0 0.00 0.00
1696.0 974.0 0.00 0.00
379.0 776.0 0.00 0.00
1134.0 644.0 0.00 0.00
1136.0 859.0 0.00 0.00
1727.0 593.0 0.00 0.00
1003.0 342.0 0.00 0.00
208.0 997.0 0.00 0.00
979.0 956.0 0.00 0.00
538.0 692.0 0.00 0.00
948.0 657.0 0.00 0.00
947.0 832.0 0.00 0.00
1133.0 624.0 0.00 0.00
151.0 852.0 0.00 0.00
1326.0 463.0 0.00 0.00
623.0 153.0 0.00 0.00
1084.0 323.0 0.00 0.00
1007.0 741.0 0.00 0.00
355.0 832.0 0.00 0.00
305.0 959.0 0.00 0.00
1226.0 721.0 0.00 0.00
276.0 790.0 0.00 0.00
545.0 807.0 0.00 0.00
1291.0 622.0 0.00 0.00
1731.0 988.0 0.00 0.00
779.0 688.0 0.00 0.00
201.0 950.0 0.00 0.00
1292.0 838.0 0.00 0.00
536.0 717.0 0.00 0.00
630.0 655.0 0.00 0.00
960.0 737.0 0.00 0.00
372.0 867.0 0.00 0.00
995.0 791.0 0.00 0.00
730.0 750.0 0.00 0.00
1367.0 447.0 0.00 0.00
362.0 856.0 0.00 0.00
88.0 856.0 0.00 0.00
287.0 875.0 0.00 0.00
31.0 312.0 0.00 0.00
1187.0 649.0 0.00 0.00
1564.0 861.0 0.00 0.00
1713.0 944.0 0.00 0.00
1145.0 323.0 0.00 0.00
1512.0 864.0 0.00 0.00
1129.0 368.0 0.00 0.00
1419.0 906.0 0.00 0.00
849.0 744.0 0.00 0.00
596.0 995.0 0.00 0.00
174.0 851.0 0.00 0.00
688.0 624.0 0.00 0.00
535.0 897.0 0.00 0.00
660.0 714.0 0.00 0.00
885.0 944.0 0.00 0.00
123.0 559.0 0.00 0.00
1179.0 716.0 0.00 0.00
186.0 986.0 0.00 0.00
1631.0 348.0 0.00 0.00
912.0 709.0 0.00 0.00
1408.0 76.0 0.00 0.00
625.0 951.0 0.00 0.00
1684.0 734.0 0.00 0.00
795.0 666.0 0.00 0.00
1138.0 969.0 0.00 0.00
1450.0 452.0 0.00 0.00
1331.0 1041.0 0.00 0.00
736.0 774.0 0.00 0.00
1312.0 733.0 0.00 0.00
406.0 905.0 0.00 0.00
727.0 978.0 0.00 0.00
1602.0 863.0 0.00 0.00
1439.0 773.0 0.00 0.00
239.0 795.0 0.00 0.00
1205.0 968.0 0.00 0.00
1457.0 453.0 0.00 0.00
1373.0 362.0 0.00 0.00
1320.0 383.0 0.00 0.00
1417.0 556.0 0.00 0.00
1565.0 400.0 0.00 0.00
1130.0 1006.0 0.00 0.00
787.0 811.0 0.00 0.00
1383.0 1050.0 0.00 0.00
358.0 810.0 0.00 0.00
1183.0 390.0 0.00 0.00
1565.0 884.0 0.00 0.00
1656.0 619.0 0.00 0.00
1128.0 937.0 0.00 0.00
687.0 949.0 0.00 0.00
693.0 665.0 0.00 0.00
1565.0 362.0 0.00 0.00
1498.0 342.0 0.00 0.00
1565.0 351.0 0.00 0.00
1155.0 741.0 0.00 0.00
923.0 829.0 0.00 0.00
1627.0 974.0 0.00 0.00
1400.0 442.0 0.00 0.00
526.0 675.0 0.00 0.00
638.0 72.0 0.00 0.00
1736.0 728.0 0.00 0.00
49.0 611.0 0.00 0.00
1061.0 655.0 0.00 0.00
165.0 835.0 0.00 0.00
807.0 674.0 0.00 0.00
291.0 840.0 0.00 0.00
980.0 734.0 0.00 0.00
351.0 695.0 0.00 0.00
1170.0 836.0 0.00 0.00
1467.0 755.0 0.00 0.00
927.0 144.0 0.00 0.00
659.0 964.0 0.00 0.00
672.0 219.0 0.00 0.00
856.0 936.0 0.00 0.00
910.0 1001.0 0.00 0.00
669.0 977.0 0.00 0.00
780.0 800.0 0.00 0.00
735.0 624.0 0.00 0.00
1619.0 360.0 0.00 0.00
1423.0 773.0 0.00 0.00
1472.0 797.0 0.00 0.00
1545.0 952.0 0.00 0.00
532.0 734.0 0.00 0.00
1634.0 481.0 0.00 0.00
15.0 717.0 0.00 0.00
434.0 706.0 0.00 0.00
553.0 756.0 0.00 0.00
1212.0 280.0 0.00 0.00
1452.0 875.0 0.00 0.00
901.0 658.0 0.00 0.00
177.0 680.0 0.00 0.00
990.0 738.0 0.00 0.00
1293.0 880.0 0.00 0.00
496.0 207.0 0.00 0.00
738.0 637.0 0.00 0.00
1456.0 445.0 0.00 0.00
1340.0 452.0 0.00 0.00
1350.0 450.0 0.00 0.00
288.0 472.0 0.00 0.00
607.0 775.0 0.00 0.00
1670.0 722.0 0.00 0.00
1710.0 892.0 0.00 0.00
1642.0 637.0 0.00 0.00
1210.0 968.0 0.00 0.00
1427.0 302.0 0.00 0.00
606.0 735.0 0.00 0.00
1453.0 935.0 0.00 0.00
1007.0 80.0 0.00 0.00
167.0 749.0 0.00 0.00
807.0 128.0 0.00 0.00
920.0 183.0 0.00 0.00
1280.0 969.0 0.00 0.00
973.0 972.0 0.00 0.00
1331.0 733.0 0.00 0.00
889.0 831.0 0.00 0.00
882.0 856.0 0.00 0.00
1672.0 646.0 0.00 0.00
72.0 483.0 0.00 0.00
1560.0 815.0 0.00 0.00
803.0 737.0 0.00 0.00
127.0 400.0 0.00 0.00
1539.0 649.0 0.00 0.00
220.0 810.0 0.00 0.00
1305.0 969.0 0.00 0.00
403.0 917.0 0.00 0.00
1460.0 662.0 0.00 0.00
640.0 736.0 0.00 0.00
649.0 810.0 0.00 0.00
885.0 706.0 0.00 0.00
1566.0 476.0 0.00 0.00
129.0 691.0 0.00 0.00
853.0 668.0 0.00 0.00
196.0 762.0 0.00 0.00
45.0 473.0 0.00 0.00
1493.0 458.0 0.00 0.00
1673.0 915.0 0.00 0.00
1623.0 914.0 0.00 0.00
608.0 769.0 0.00 0.00
1188.0 365.0 0.00 0.00
280.0 971.0 0.00 0.00
1328.0 499.0 0.00 0.00
115.0 867.0 0.00 0.00
1703.0 1014.0 0.00 0.00
1151.0 88.0 0.00 0.00
1103.0 96.0 0.00 0.00
73.0 934.0 0.00 0.00
484.0 976.0 0.00 0.00
671.0 464.0 0.00 0.00
792.0 527.0 0.00 0.00
1066.0 945.0 0.00 0.00
983.0 360.0 0.00 0.00
1167.0 643.0 0.00 0.00
1295.0 357.0 0.00 0.00
1405.0 308.0 0.00 0.00
1485.0 457.0 0.00 0.00
9.0 661.0 0.00 0.00
930.0 745.0 0.00 0.00
813.0 811.0 0.00 0.00
1274.0 750.0 0.00 0.00
133.0 946.0 0.00 0.00
1453.0 859.0 0.00 0.00
521.0 966.0 0.00 0.00
22.0 511.0 0.00 0.00
647.0 201.0 0.00 0.00
384.0 263.0 0.00 0.00
708.0 638.0 0.00 0.00
1147.0 969.0 0.00 0.00
1066.0 927.0 0.00 0.00
1751.0 120.0 0.00 0.00
1221.0 747.0 0.00 0.00
1767.0 73.0 0.00 0.00
1456.0 333.0 0.00 0.00
1441.0 691.0 0.00 0.00
1352.0 222.0 0.00 0.00
759.0 312.0 0.00 0.00
175.0 763.0 0.00 0.00
593.0 662.0 0.00 0.00
872.0 762.0 0.00 0.00
1118.0 80.0 0.00 0.00
1483.0 697.0 0.00 0.00
216.0 908.0 0.00 0.00
1172.0 935.0 0.00 0.00
1346.0 781.0 0.00 0.00
1295.0 930.0 0.00 0.00
1109.0 710.0 0.00 0.00
921.0 424.0 0.00 0.00
94.0 405.0 0.00 0.00
22.0 710.0 0.00 0.00
588.0 661.0 0.00 0.00
671.0 297.0 0.00 0.00
597.0 887.0 0.00 0.00
56.0 805.0 0.00 0.00
263.0 706.0 0.00 0.00
850.0 799.0 0.00 0.00
964.0 522.0 0.00 0.00
848.0 642.0 0.00 0.00
1440.0 801.0 0.00 0.00
444.0 880.0 0.00 0.00
1215.0 935.0 0.00 0.00
1104.0 767.0 0.00 0.00
176.0 578.0 0.00 0.00
1012.0 332.0 0.00 0.00
627.0 865.0 0.00 0.00
1448.0 92.0 0.00 0.00
1055.0 712.0 0.00 0.00
1031.0 610.0 0.00 0.00
1156.0 328.0 0.00 0.00
1481.0 491.0 0.00 0.00
1398.0 762.0 0.00 0.00
96.0 571.0 0.00 0.00
958.0 878.0 0.00 0.00
819.0 636.0 0.00 0.00
468.0 961.0 0.00 0.00
592.0 822.0 0.00 0.00
395.0 667.0 0.00 0.00
475.0 846.0 0.00 0.00
1103.0 225.0 0.00 0.00
191.0 960.0 0.00 0.00
1047.0 215.0 0.00 0.00
1129.0 79.0 0.00 0.00
363.0 607.0 0.00 0.00
145.0 681.0 0.00 0.00
831.0 664.0 0.00 0.00
135.0 184.0 0.00 0.00
103.0 279.0 0.00 0.00
1349.0 457.0 0.00 0.00
847.0 272.0 0.00 0.00
98.0 851.0 0.00 0.00
792.0 584.0 0.00 0.00
550.0 702.0 0.00 0.00
175.0 590.0 0.00 0.00
563.0 831.0 0.00 0.00
227.0 793.0 0.00 0.00
206.0 813.0 0.00 0.00
143.0 487.0 0.00 0.00
643.0 1144.0 0.00 0.00
561.0 859.0 0.00 0.00
180.0 160.0 0.00 0.00
826.0 757.0 0.00 0.00
864.0 599.0 0.00 0.00
151.0 368.0 0.00 0.00
480.0 725.0 0.00 0.00
1725.0 906.0 0.00 0.00
143.0 359.0 0.00 0.00
1767.0 982.0 0.00 0.00
1119.0 112.0 0.00 0.00
594.0 686.0 0.00 0.00
1203.0 919.0 0.00 0.00
87.0 464.0 0.00 0.00
900.0 717.0 0.00 0.00
1770.0 729.0 0.00 0.00
627.0 832.0 0.00 0.00
1424.0 191.0 0.00 0.00
1149.0 594.0 0.00 0.00
552.0 840.0 0.00 0.00
1225.0 958.0 0.00 0.00
756.0 774.0 0.00 0.00
582.0 745.0 0.00 0.00
895.0 761.0 0.00 0.00
1479.0 455.0 0.00 0.00
315.0 863.0 0.00 0.00
1050.0 636.0 0.00 0.00
217.0 873.0 0.00 0.00
1295.0 465.0 0.00 0.00
749.0 742.0 0.00 0.00
1128.0 901.0 0.00 0.00
1003.0 257.0 0.00 0.00
713.0 708.0 0.00 0.00
437.0 740.0 0.00 0.00
819.0 658.0 0.00 0.00
1407.0 634.0 0.00 0.00
773.0 637.0 0.00 0.00
828.0 642.0 0.00 0.00
1722.0 284.0 0.00 0.00
856.0 822.0 0.00 0.00
375.0 567.0 0.00 0.00
1147.0 741.0 0.00 0.00
1371.0 376.0 0.00 0.00
340.0 996.0 0.00 0.00
287.0 568.0 0.00 0.00
464.0 1124.0 0.00 0.00
1104.0 833.0 0.00 0.00
897.0 842.0 0.00 0.00
55.0 760.0 0.00 0.00
1370.0 1035.0 0.00 0.00
934.0 649.0 0.00 0.00
1110.0 718.0 0.00 0.00
1606.0 742.0 0.00 0.00
665.0 719.0 0.00 0.00
1103.0 970.0 0.00 0.00
271.0 241.0 0.00 0.00
128.0 358.0 0.00 0.00
1155.0 978.0 0.00 0.00
613.0 1191.0 0.00 0.00
1517.0 1151.0 0.00 0.00
1382.0 103.0 0.00 0.00
1127.0 417.0 0.00 0.00
1369.0 1182.0 0.00 0.00
319.0 599.0 0.00 0.00
937.0 946.0 0.00 0.00
1420.0 971.0 0.00 0.00
1781.0 280.0 0.00 0.00
401.0 662.0 0.00 0.00
942.0 1189.0 0.00 0.00
1014.0 859.0 0.00 0.00
1310.0 316.0 0.00 0.00
1728.0 662.0 0.00 0.00
1037.0 425.0 0.00 0.00
364.0 994.0 0.00 0.00
615.0 96.0 0.00 0.00
1397.0 991.0 0.00 0.00
809.0 583.0 0.00 0.00
176.0 383.0 0.00 0.00
658.0 704.0 0.00 0.00
910.0 716.0 0.00 0.00
1591.0 500.0 0.00 0.00
1295.0 920.0 0.00 0.00
1408.0 688.0 0.00 0.00
1327.0 224.0 0.00 0.00
1292.0 809.0 0.00 0.00
1011.0 617.0 0.00 0.00
1007.0 787.0 0.00 0.00
544.0 184.0 0.00 0.00
1379.0 874.0 0.00 0.00
238.0 864.0 0.00 0.00
303.0 613.0 0.00 0.00
1728.0 41.0 0.00 0.00
536.0 789.0 0.00 0.00
1411.0 861.0 0.00 0.00
830.0 709.0 0.00 0.00
864.0 741.0 0.00 0.00
864.0 128.0 0.00 0.00
1646.0 669.0 0.00 0.00
1707.0 631.0 0.00 0.00
336.0 696.0 0.00 0.00
610.0 677.0 0.00 0.00
305.0 642.0 0.00 0.00
842.0 981.0 0.00 0.00
351.0 1155.0 0.00 0.00
1277.0 520.0 0.00 0.00
961.0 46.0 0.00 0.00
686.0 320.0 0.00 0.00
525.0 667.0 0.00 0.00
659.0 833.0 0.00 0.00
399.0 893.0 0.00 0.00
227.0 600.0 0.00 0.00
1250.0 461.0 0.00 0.00
530.0 792.0 0.00 0.00
1384.0 669.0 0.00 0.00
87.0 685.0 0.00 0.00
1095.0 1182.0 0.00 0.00
880.0 672.0 0.00 0.00
831.0 448.0 0.00 0.00
720.0 639.0 0.00 0.00
1047.0 104.0 0.00 0.00
874.0 743.0 0.00 0.00
1399.0 772.0 0.00 0.00
511.0 568.0 0.00 0.00
111.0 672.0 0.00 0.00
528.0 543.0 0.00 0.00
1262.0 848.0 0.00 0.00
1746.0 88.0 0.00 0.00
880.0 52.0 0.00 0.00
1648.0 547.0 0.00 0.00
944.0 284.0 0.00 0.00
991.0 325.0 0.00 0.00
1287.0 95.0 0.00 0.00
1393.0 893.0 0.00 0.00
1121.0 979.0 0.00 0.00
22.0 907.0 0.00 0.00
48.0 76.0 0.00 0.00
1335.0 452.0 0.00 0.00
1741.0 620.0 0.00 0.00
43.0 177.0 0.00 0.00
1088.0 335.0 0.00 0.00
351.0 464.0 0.00 0.00
1371.0 664.0 0.00 0.00
816.0 127.0 0.00 0.00
108.0 1146.0 0.00 0.00
1239.0 495.0 0.00 0.00
302.0 743.0 0.00 0.00
69.0 665.0 0.00 0.00
1149.0 415.0 0.00 0.00
1769.0 520.0 0.00 0.00
874.0 749.0 0.00 0.00
1472.0 698.0 0.00 0.00
1648.0 678.0 0.00 0.00
463.0 906.0 0.00 0.00
806.0 706.0 0.00 0.00
584.0 874.0 0.00 0.00
662.0 801.0 0.00 0.00
1578.0 416.0 0.00 0.00
1613.0 732.0 0.00 0.00
170.0 763.0 0.00 0.00
1479.0 732.0 0.00 0.00
40.0 822.0 0.00 0.00
1696.0 873.0 0.00 0.00
996.0 694.0 0.00 0.00
1154.0 598.0 0.00 0.00
619.0 448.0 0.00 0.00
1404.0 1191.0 0.00 0.00
103.0 827.0 0.00 0.00
127.0 587.0 0.00 0.00
641.0 864.0 0.00 0.00
1724.0 675.0 0.00 0.00
81.0 532.0 0.00 0.00
87.0 717.0 0.00 0.00
224.0 159.0 0.00 0.00
1075.0 386.0 0.00 0.00
375.0 201.0 0.00 0.00
1139.0 690.0 0.00 0.00
392.0 391.0 0.00 0.00
1423.0 820.0 0.00 0.00
463.0 723.0 0.00 0.00
1521.0 420.0 0.00 0.00
26.0 479.0 0.00 0.00
629.0 888.0 0.00 0.00
1382.0 772.0 0.00 0.00
386.0 621.0 0.00 0.00
1551.0 15.0 0.00 0.00
1637.0 536.0 0.00 0.00
1280.0 254.0 0.00 0.00
848.0 289.0 0.00 0.00
451.0 774.0 0.00 0.00
111.0 208.0 0.00 0.00
1376.0 238.0 0.00 0.00
581.0 978.0 0.00 0.00
1379.0 1000.0 0.00 0.00
455.0 471.0 0.00 0.00
351.0 995.0 0.00 0.00
1008.0 758.0 0.00 0.00
53.0 919.0 0.00 0.00
1382.0 658.0 0.00 0.00
688.0 487.0 0.00 0.00
1292.0 819.0 0.00 0.00
47.0 405.0 0.00 0.00
459.0 617.0 0.00 0.00
335.0 320.0 0.00 0.00
1276.0 910.0 0.00 0.00
303.0 908.0 0.00 0.00
1295.0 940.0 0.00 0.00
1588.0 681.0 0.00 0.00
640.0 802.0 0.00 0.00
293.0 891.0 0.00 0.00
739.0 753.0 0.00 0.00
1414.0 923.0 0.00 0.00
18.0 952.0 0.00 0.00
140.0 964.0 0.00 0.00
271.0 143.0 0.00 0.00
423.0 865.0 0.00 0.00
748.0 945.0 0.00 0.00
1438.0 753.0 0.00 0.00
1119.0 71.0 0.00 0.00
628.0 369.0 0.00 0.00
1202.0 928.0 0.00 0.00
524.0 780.0 0.00 0.00
1447.0 782.0 0.00 0.00
1150.0 907.0 0.00 0.00
1279.0 224.0 0.00 0.00
277.0 810.0 0.00 0.00
24.0 705.0 0.00 0.00
1691.0 1189.0 0.00 0.00
545.0 952.0 0.00 0.00
771.0 803.0 0.00 0.00
713.0 665.0 0.00 0.00
1007.0 941.0 0.00 0.00
976.0 760.0 0.00 0.00
1181.0 704.0 0.00 0.00
848.0 327.0 0.00 0.00
607.0 801.0 0.00 0.00
880.0 732.0 0.00 0.00
230.0 608.0 0.00 0.00
251.0 628.0 0.00 0.00
987.0 842.0 0.00 0.00
816.0 591.0 0.00 0.00
1069.0 884.0 0.00 0.00
183.0 557.0 0.00 0.00
1279.0 63.0 0.00 0.00
1465.0 586.0 0.00 0.00
135.0 392.0 0.00 0.00
320.0 632.0 0.00 0.00
404.0 739.0 0.00 0.00
688.0 567.0 0.00 0.00
1348.0 307.0 0.00 0.00
1562.0 836.0 0.00 0.00
68.0 496.0 0.00 0.00
1331.0 461.0 0.00 0.00
1748.0 72.0 0.00 0.00
647.0 936.0 0.00 0.00
1421.0 450.0 0.00 0.00
44.0 159.0 0.00 0.00
231.0 432.0 0.00 0.00
568.0 736.0 0.00 0.00
1178.0 724.0 0.00 0.00
143.0 208.0 0.00 0.00
1612.0 708.0 0.00 0.00
1791.0 894.0 0.00 0.00
110.0 303.0 0.00 0.00
792.0 762.0 0.00 0.00
866.0 703.0 0.00 0.00
1007.0 200.0 0.00 0.00
902.0 907.0 0.00 0.00
763.0 255.0 0.00 0.00
832.0 675.0 0.00 0.00
1682.0 882.0 0.00 0.00
597.0 765.0 0.00 0.00
1577.0 491.0 0.00 0.00
543.0 543.0 0.00 0.00
1158.0 1117.0 0.00 0.00
1579.0 484.0 0.00 0.00
647.0 343.0 0.00 0.00
210.0 152.0 0.00 0.00
1728.0 762.0 0.00 0.00
141.0 720.0 0.00 0.00
527.0 480.0 0.00 0.00
208.0 270.0 0.00 0.00
479.0 496.0 0.00 0.00
573.0 712.0 0.00 0.00
1319.0 112.0 0.00 0.00
247.0 152.0 0.00 0.00
855.0 686.0 0.00 0.00
1179.0 671.0 0.00 0.00
988.0 857.0 0.00 0.00
968.0 937.0 0.00 0.00
1161.0 127.0 0.00 0.00
613.0 844.0 0.00 0.00
1570.0 1189.0 0.00 0.00
432.0 918.0 0.00 0.00
55.0 944.0 0.00 0.00
1045.0 937.0 0.00 0.00
1650.0 608.0 0.00 0.00
665.0 575.0 0.00 0.00
1357.0 456.0 0.00 0.00
1677.0 709.0 0.00 0.00
238.0 744.0 0.00 0.00
1327.0 781.0 0.00 0.00
347.0 918.0 0.00 0.00
1355.0 702.0 0.00 0.00
943.0 70.0 0.00 0.00
197.0 960.0 0.00 0.00
1357.0 313.0 0.00 0.00
119.0 320.0 0.00 0.00
144.0 271.0 0.00 0.00
1158.0 592.0 0.00 0.00
158.0 864.0 0.00 0.00
1064.0 231.0 0.00 0.00
1496.0 40.0 0.00 0.00
195.0 542.0 0.00 0.00
358.0 919.0 0.00 0.00
872.0 976.0 0.00 0.00
1680.0 86.0 0.00 0.00
534.0 856.0 0.00 0.00
644.0 827.0 0.00 0.00
1169.0 748.0 0.00 0.00
939.0 761.0 0.00 0.00
472.0 1191.0 0.00 0.00
557.0 176.0 0.00 0.00
49.0 778.0 0.00 0.00
1313.0 623.0 0.00 0.00
896.0 319.0 0.00 0.00
1007.0 272.0 0.00 0.00
500.0 652.0 0.00 0.00
199.0 151.0 0.00 0.00
629.0 642.0 0.00 0.00
1649.0 937.0 0.00 0.00
1712.0 931.0 0.00 0.00
16.0 788.0 0.00 0.00
1082.0 726.0 0.00 0.00
943.0 564.0 0.00 0.00
344.0 750.0 0.00 0.00
700.0 943.0 0.00 0.00
463.0 79.0 0.00 0.00
255.0 280.0 0.00 0.00
487.0 880.0 0.00 0.00
1279.0 112.0 0.00 0.00
402.0 881.0 0.00 0.00
744.0 89.0 0.00 0.00
1404.0 449.0 0.00 0.00
268.0 908.0 0.00 0.00
1617.0 832.0 0.00 0.00
1147.0 715.0 0.00 0.00
423.0 360.0 0.00 0.00
567.0 456.0 0.00 0.00
535.0 600.0 0.00 0.00
1087.0 305.0 0.00 0.00
150.0 964.0 0.00 0.00
1326.0 135.0 0.00 0.00
764.0 637.0 0.00 0.00
447.0 21.0 0.00 0.00
519.0 703.0 0.00 0.00
1320.0 712.0 0.00 0.00
605.0 837.0 0.00 0.00
480.0 87.0 0.00 0.00
1052.0 323.0 0.00 0.00
1189.0 389.0 0.00 0.00
1265.0 206.0 0.00 0.00
1055.0 192.0 0.00 0.00
1101.0 1007.0 0.00 0.00
1156.0 323.0 0.00 0.00
1393.0 79.0 0.00 0.00
744.0 322.0 0.00 0.00
895.0 400.0 0.00 0.00
605.0 893.0 0.00 0.00
1184.0 657.0 0.00 0.00
1371.0 711.0 0.00 0.00
511.0 435.0 0.00 0.00
1497.0 664.0 0.00 0.00
1151.0 127.0 0.00 0.00
579.0 642.0 0.00 0.00
1309.0 311.0 0.00 0.00
240.0 1174.0 0.00 0.00
913.0 967.0 0.00 0.00
588.0 851.0 0.00 0.00
570.0 599.0 0.00 0.00
194.0 831.0 0.00 0.00
623.0 576.0 0.00 0.00
647.0 818.0 0.00 0.00
152.0 408.0 0.00 0.00
17.0 410.0 0.00 0.00
512.0 399.0 0.00 0.00
883.0 955.0 0.00 0.00
816.0 776.0 0.00 0.00
1088.0 673.0 0.00 0.00
999.0 776.0 0.00 0.00
448.0 641.0 0.00 0.00
534.0 65.0 0.00 0.00
1076.0 909.0 0.00 0.00
1402.0 782.0 0.00 0.00
333.0 745.0 0.00 0.00
298.0 970.0 0.00 0.00
927.0 632.0 0.00 0.00
1569.0 488.0 0.00 0.00
335.0 589.0 0.00 0.00
671.0 559.0 0.00 0.00
690.0 983.0 0.00 0.00
1535.0 779.0 0.00 0.00
582.0 456.0 0.00 0.00
1006.0 753.0 0.00 0.00
1352.0 232.0 0.00 0.00
131.0 318.0 0.00 0.00
946.0 681.0 0.00 0.00
152.0 686.0 0.00 0.00
638.0 657.0 0.00 0.00
1031.0 167.0 0.00 0.00
207.0 797.0 0.00 0.00
346.0 1017.0 0.00 0.00
885.0 972.0 0.00 0.00
1574.0 883.0 0.00 0.00
1735.0 71.0 0.00 0.00
1073.0 1006.0 0.00 0.00
224.0 188.0 0.00 0.00
351.0 64.0 0.00 0.00
36.0 400.0 0.00 0.00
100.0 890.0 0.00 0.00
1583.0 136.0 0.00 0.00
1152.0 111.0 0.00 0.00
347.0 893.0 0.00 0.00
551.0 711.0 0.00 0.00
198.0 878.0 0.00 0.00
1663.0 47.0 0.00 0.00
1477.0 781.0 0.00 0.00
978.0 668.0 0.00 0.00
1191.0 968.0 0.00 0.00
749.0 784.0 0.00 0.00
1770.0 573.0 0.00 0.00
624.0 1144.0 0.00 0.00
493.0 948.0 0.00 0.00
418.0 861.0 0.00 0.00
603.0 983.0 0.00 0.00
1214.0 862.0 0.00 0.00
9.0 505.0 0.00 0.00
599.0 777.0 0.00 0.00
1534.0 612.0 0.00 0.00
414.0 716.0 0.00 0.00
1461.0 302.0 0.00 0.00
1096.0 815.0 0.00 0.00
510.0 464.0 0.00 0.00
1095.0 778.0 0.00 0.00
151.0 613.0 0.00 0.00
592.0 414.0 0.00 0.00
654.0 926.0 0.00 0.00
1095.0 265.0 0.00 0.00
151.0 762.0 0.00 0.00
255.0 844.0 0.00 0.00
1766.0 320.0 0.00 0.00
453.0 736.0 0.00 0.00
638.0 143.0 0.00 0.00
15.0 328.0 0.00 0.00
720.0 625.0 0.00 0.00
1199.0 96.0 0.00 0.00
280.0 415.0 0.00 0.00
136.0 411.0 0.00 0.00
999.0 829.0 0.00 0.00
1558.0 129.0 0.00 0.00
1533.0 900.0 0.00 0.00
967.0 829.0 0.00 0.00
58.0 238.0 0.00 0.00
1767.0 159.0 0.00 0.00
73.0 981.0 0.00 0.00
783.0 624.0 0.00 0.00
240.0 815.0 0.00 0.00
799.0 424.0 0.00 0.00
86.0 127.0 0.00 0.00
148.0 840.0 0.00 0.00
1701.0 970.0 0.00 0.00
313.0 567.0 0.00 0.00
1650.0 142.0 0.00 0.00
260.0 424.0 0.00 0.00
555.0 668.0 0.00 0.00
630.0 751.0 0.00 0.00
414.0 755.0 0.00 0.00
895.0 96.0 0.00 0.00
735.0 401.0 0.00 0.00
43.0 932.0 0.00 0.00
967.0 700.0 0.00 0.00
1297.0 979.0 0.00 0.00
1703.0 248.0 0.00 0.00
596.0 816.0 0.00 0.00
1432.0 982.0 0.00 0.00
1410.0 717.0 0.00 0.00
74.0 145.0 0.00 0.00
818.0 960.0 0.00 0.00
1272.0 760.0 0.00 0.00
1620.0 318.0 0.00 0.00
1004.0 497.0 0.00 0.00
538.0 922.0 0.00 0.00
766.0 456.0 0.00 0.00
1431.0 972.0 0.00 0.00
1407.0 24.0 0.00 0.00
648.0 642.0 0.00 0.00
753.0 175.0 0.00 0.00
881.0 927.0 0.00 0.00
479.0 71.0 0.00 0.00
734.0 241.0 0.00 0.00
186.0 717.0 0.00 0.00
205.0 841.0 0.00 0.00
50.0 1183.0 0.00 0.00
629.0 735.0 0.00 0.00
1024.0 781.0 0.00 0.00
943.0 856.0 0.00 0.00
787.0 750.0 0.00 0.00
615.0 480.0 0.00 0.00
855.0 643.0 0.00 0.00
936.0 352.0 0.00 0.00
1614.0 568.0 0.00 0.00
34.0 740.0 0.00 0.00
1014.0 377.0 0.00 0.00
1383.0 47.0 0.00 0.00
430.0 734.0 0.00 0.00
879.0 972.0 0.00 0.00
536.0 668.0 0.00 0.00
1056.0 175.0 0.00 0.00
208.0 666.0 0.00 0.00
710.0 905.0 0.00 0.00
141.0 1000.0 0.00 0.00
181.0 906.0 0.00 0.00
848.0 722.0 0.00 0.00
637.0 128.0 0.00 0.00
108.0 690.0 0.00 0.00
1126.0 823.0 0.00 0.00
1181.0 860.0 0.00 0.00
1046.0 503.0 0.00 0.00
1278.0 697.0 0.00 0.00
408.0 893.0 0.00 0.00
391.0 800.0 0.00 0.00
563.0 876.0 0.00 0.00
1278.0 898.0 0.00 0.00
863.0 335.0 0.00 0.00
871.0 831.0 0.00 0.00
1724.0 713.0 0.00 0.00
912.0 937.0 0.00 0.00
1187.0 507.0 0.00 0.00
1360.0 8.0 0.00 0.00
246.0 137.0 0.00 0.00
809.0 255.0 0.00 0.00
963.0 942.0 0.00 0.00
892.0 819.0 0.00 0.00
337.0 701.0 0.00 0.00
910.0 365.0 0.00 0.00
1301.0 743.0 0.00 0.00
992.0 501.0 0.00 0.00
823.0 367.0 0.00 0.00
783.0 592.0 0.00 0.00
1758.0 135.0 0.00 0.00
1636.0 931.0 0.00 0.00
1198.0 624.0 0.00 0.00
1759.0 258.0 0.00 0.00
607.0 415.0 0.00 0.00
508.0 700.0 0.00 0.00
1204.0 529.0 0.00 0.00
296.0 72.0 0.00 0.00
289.0 223.0 0.00 0.00
1734.0 105.0 0.00 0.00
1201.0 861.0 0.00 0.00
216.0 614.0 0.00 0.00
330.0 715.0 0.00 0.00
1404.0 647.0 0.00 0.00
1250.0 958.0 0.00 0.00
1176.0 685.0 0.00 0.00
1108.0 733.0 0.00 0.00
704.0 342.0 0.00 0.00
1439.0 717.0 0.00 0.00
513.0 200.0 0.00 0.00
740.0 735.0 0.00 0.00
373.0 595.0 0.00 0.00
1459.0 344.0 0.00 0.00
972.0 888.0 0.00 0.00
1128.0 659.0 0.00 0.00
605.0 714.0 0.00 0.00
1624.0 963.0 0.00 0.00
409.0 837.0 0.00 0.00
40.0 847.0 0.00 0.00
344.0 544.0 0.00 0.00
658.0 740.0 0.00 0.00
404.0 820.0 0.00 0.00
1199.0 136.0 0.00 0.00
102.0 265.0 0.00 0.00
1362.0 454.0 0.00 0.00
608.0 208.0 0.00 0.00
573.0 684.0 0.00 0.00
102.0 653.0 0.00 0.00
1394.0 656.0 0.00 0.00
57.0 223.0 0.00 0.00
911.0 800.0 0.00 0.00
125.0 732.0 0.00 0.00
1009.0 921.0 0.00 0.00
863.0 512.0 0.00 0.00
438.0 727.0 0.00 0.00
1394.0 112.0 0.00 0.00
726.0 801.0 0.00 0.00
1126.0 450.0 0.00 0.00
1214.0 856.0 0.00 0.00
636.0 876.0 0.00 0.00
557.0 653.0 0.00 0.00
487.0 775.0 0.00 0.00
110.0 948.0 0.00 0.00
297.0 692.0 0.00 0.00
180.0 865.0 0.00 0.00
927.0 668.0 0.00 0.00
423.0 111.0 0.00 0.00
309.0 680.0 0.00 0.00
534.0 745.0 0.00 0.00
413.0 1013.0 0.00 0.00
1170.0 572.0 0.00 0.00
354.0 652.0 0.00 0.00
104.0 644.0 0.00 0.00
294.0 813.0 0.00 0.00
580.0 716.0 0.00 0.00
1297.0 15.0 0.00 0.00
1183.0 690.0 0.00 0.00
752.0 496.0 0.00 0.00
767.0 391.0 0.00 0.00
480.0 167.0 0.00 0.00
806.0 719.0 0.00 0.00
1096.0 166.0 0.00 0.00
249.0 224.0 0.00 0.00
1108.0 332.0 0.00 0.00
839.0 689.0 0.00 0.00
672.0 483.0 0.00 0.00
264.0 455.0 0.00 0.00
1766.0 691.0 0.00 0.00
1575.0 788.0 0.00 0.00
127.0 719.0 0.00 0.00
775.0 699.0 0.00 0.00
806.0 595.0 0.00 0.00
1301.0 781.0 0.00 0.00
1429.0 962.0 0.00 0.00
1632.0 623.0 0.00 0.00
1157.0 540.0 0.00 0.00
327.0 407.0 0.00 0.00
244.0 865.0 0.00 0.00
1408.0 610.0 0.00 0.00
1328.0 103.0 0.00 0.00
431.0 742.0 0.00 0.00
1255.0 95.0 0.00 0.00
756.0 721.0 0.00 0.00
480.0 433.0 0.00 0.00
287.0 9.0 0.00 0.00
1386.0 690.0 0.00 0.00
1408.0 443.0 0.00 0.00
1299.0 1001.0 0.00 0.00
55.0 1156.0 0.00 0.00
1726.0 917.0 0.00 0.00
894.0 23.0 0.00 0.00
1199.0 646.0 0.00 0.00
1349.0 813.0 0.00 0.00
1693.0 648.0 0.00 0.00
623.0 463.0 0.00 0.00
1028.0 322.0 0.00 0.00
1072.0 889.0 0.00 0.00
640.0 720.0 0.00 0.00
941.0 748.0 0.00 0.00
680.0 194.0 0.00 0.00
1130.0 652.0 0.00 0.00
703.0 684.0 0.00 0.00
469.0 52.0 0.00 0.00
1575.0 144.0 0.00 0.00
132.0 653.0 0.00 0.00
984.0 698.0 0.00 0.00
943.0 447.0 0.00 0.00
1605.0 509.0 0.00 0.00
512.0 578.0 0.00 0.00
924.0 929.0 0.00 0.00
17.0 711.0 0.00 0.00
848.0 455.0 0.00 0.00
354.0 23.0 0.00 0.00
888.0 770.0 0.00 0.00
215.0 200.0 0.00 0.00
87.0 224.0 0.00 0.00
1537.0 799.0 0.00 0.00
935.0 423.0 0.00 0.00
1607.0 64.0 0.00 0.00
1417.0 888.0 0.00 0.00
1480.0 814.0 0.00 0.00
944.0 135.0 0.00 0.00
463.0 932.0 0.00 0.00
1732.0 377.0 0.00 0.00
856.0 264.0 0.00 0.00
1078.0 27.0 0.00 0.00
655.0 87.0 0.00 0.00
1439.0 791.0 0.00 0.00
709.0 863.0 0.00 0.00
1356.0 714.0 0.00 0.00
224.0 96.0 0.00 0.00
1402.0 883.0 0.00 0.00
1313.0 89.0 0.00 0.00
1436.0 763.0 0.00 0.00
1351.0 200.0 0.00 0.00
1441.0 999.0 0.00 0.00
1380.0 701.0 0.00 0.00
716.0 127.0 0.00 0.00
241.0 714.0 0.00 0.00
1403.0 804.0 0.00 0.00
946.0 641.0 0.00 0.00
1291.0 671.0 0.00 0.00
1231.0 472.0 0.00 0.00
816.0 290.0 0.00 0.00
775.0 568.0 0.00 0.00
822.0 270.0 0.00 0.00
1234.0 722.0 0.00 0.00
1279.0 72.0 0.00 0.00
1115.0 676.0 0.00 0.00
111.0 703.0 0.00 0.00
81.0 551.0 0.00 0.00
1064.0 422.0 0.00 0.00
991.0 344.0 0.00 0.00
162.0 359.0 0.00 0.00
543.0 592.0 0.00 0.00
233.0 680.0 0.00 0.00
709.0 942.0 0.00 0.00
687.0 424.0 0.00 0.00
767.0 745.0 0.00 0.00
1602.0 1008.0 0.00 0.00
55.0 748.0 0.00 0.00
817.0 161.0 0.00 0.00
1234.0 967.0 0.00 0.00
1675.0 522.0 0.00 0.00
927.0 494.0 0.00 0.00
918.0 1190.0 0.00 0.00
943.0 328.0 0.00 0.00
367.0 752.0 0.00 0.00
564.0 661.0 0.00 0.00
1102.0 816.0 0.00 0.00
1716.0 652.0 0.00 0.00
1184.0 613.0 0.00 0.00
539.0 709.0 0.00 0.00
1379.0 1157.0 0.00 0.00
512.0 591.0 0.00 0.00
570.0 995.0 0.00 0.00
1456.0 973.0 0.00 0.00
1383.0 72.0 0.00 0.00
1547.0 354.0 0.00 0.00
179.0 947.0 0.00 0.00
253.0 310.0 0.00 0.00
1459.0 733.0 0.00 0.00
671.0 967.0 0.00 0.00
583.0 615.0 0.00 0.00
183.0 319.0 0.00 0.00
340.0 634.0 0.00 0.00
1560.0 152.0 0.00 0.00
148.0 738.0 0.00 0.00
672.0 828.0 0.00 0.00
953.0 935.0 0.00 0.00
288.0 544.0 0.00 0.00
712.0 95.0 0.00 0.00
851.0 709.0 0.00 0.00
921.0 438.0 0.00 0.00
231.0 15.0 0.00 0.00
1254.0 987.0 0.00 0.00
1344.0 312.0 0.00 0.00
1521.0 632.0 0.00 0.00
632.0 529.0 0.00 0.00
487.0 152.0 0.00 0.00
326.0 201.0 0.00 0.00
753.0 463.0 0.00 0.00
1359.0 160.0 0.00 0.00
143.0 544.0 0.00 0.00
175.0 713.0 0.00 0.00
600.0 665.0 0.00 0.00
575.0 677.0 0.00 0.00
716.0 754.0 0.00 0.00
1167.0 321.0 0.00 0.00
1006.0 584.0 0.00 0.00
775.0 795.0 0.00 0.00
223.0 104.0 0.00 0.00
463.0 423.0 0.00 0.00
919.0 65.0 0.00 0.00
928.0 388.0 0.00 0.00
1180.0 893.0 0.00 0.00
448.0 812.0 0.00 0.00
454.0 713.0 0.00 0.00
391.0 476.0 0.00 0.00
1759.0 72.0 0.00 0.00
811.0 152.0 0.00 0.00
1226.0 747.0 0.00 0.00
1335.0 1021.0 0.00 0.00
485.0 660.0 0.00 0.00
717.0 924.0 0.00 0.00
810.0 661.0 0.00 0.00
120.0 142.0 0.00 0.00
885.0 740.0 0.00 0.00
896.0 54.0 0.00 0.00
544.0 108.0 0.00 0.00
569.0 933.0 0.00 0.00
447.0 96.0 0.00 0.00
1056.0 286.0 0.00 0.00
807.0 271.0 0.00 0.00
776.0 327.0 0.00 0.00
207.0 368.0 0.00 0.00
960.0 692.0 0.00 0.00
1555.0 742.0 0.00 0.00
56.0 168.0 0.00 0.00
627.0 693.0 0.00 0.00
1376.0 1108.0 0.00 0.00
183.0 918.0 0.00 0.00
631.0 359.0 0.00 0.00
1288.0 780.0 0.00 0.00
1311.0 680.0 0.00 0.00
1017.0 402.0 0.00 0.00
1000.0 819.0 0.00 0.00
635.0 115.0 0.00 0.00
513.0 187.0 0.00 0.00
1703.0 1000.0 0.00 0.00
250.0 844.0 0.00 0.00
830.0 207.0 0.00 0.00
1445.0 710.0 0.00 0.00
15.0 170.0 0.00 0.00
879.0 111.0 0.00 0.00
295.0 588.0 0.00 0.00
500.0 937.0 0.00 0.00
751.0 722.0 0.00 0.00
1648.0 101.0 0.00 0.00
110.0 839.0 0.00 0.00
40.0 790.0 0.00 0.00
208.0 718.0 0.00 0.00
911.0 758.0 0.00 0.00
1670.0 727.0 0.00 0.00
1375.0 453.0 0.00 0.00
1418.0 794.0 0.00 0.00
776.0 751.0 0.00 0.00
871.0 723.0 0.00 0.00
1455.0 32.0 0.00 0.00
1279.0 238.0 0.00 0.00
541.0 737.0 0.00 0.00
1297.0 167.0 0.00 0.00
511.0 448.0 0.00 0.00
589.0 62.0 0.00 0.00
959.0 159.0 0.00 0.00
159.0 544.0 0.00 0.00
512.0 792.0 0.00 0.00
396.0 970.0 0.00 0.00
1004.0 445.0 0.00 0.00
624.0 642.0 0.00 0.00
1518.0 829.0 0.00 0.00
363.0 311.0 0.00 0.00
1677.0 659.0 0.00 0.00
469.0 756.0 0.00 0.00
1632.0 884.0 0.00 0.00
98.0 806.0 0.00 0.00
526.0 519.0 0.00 0.00
661.0 941.0 0.00 0.00
1207.0 627.0 0.00 0.00
1183.0 697.0 0.00 0.00
1127.0 198.0 0.00 0.00
1391.0 64.0 0.00 0.00
1206.0 549.0 0.00 0.00
1398.0 752.0 0.00 0.00
1568.0 678.0 0.00 0.00
1788.0 982.0 0.00 0.00
956.0 829.0 0.00 0.00
1417.0 1002.0 0.00 0.00
1684.0 902.0 0.00 0.00
31.0 727.0 0.00 0.00
1098.0 71.0 0.00 0.00
869.0 867.0 0.00 0.00
534.0 336.0 0.00 0.00
577.0 809.0 0.00 0.00
1408.0 678.0 0.00 0.00
726.0 79.0 0.00 0.00
1126.0 857.0 0.00 0.00
820.0 875.0 0.00 0.00
87.0 151.0 0.00 0.00
8.0 778.0 0.00 0.00
745.0 659.0 0.00 0.00
424.0 464.0 0.00 0.00
1367.0 279.0 0.00 0.00
195.0 905.0 0.00 0.00
1337.0 461.0 0.00 0.00
229.0 950.0 0.00 0.00
240.0 368.0 0.00 0.00
1412.0 883.0 0.00 0.00
1650.0 127.0 0.00 0.00
873.0 923.0 0.00 0.00
38.0 992.0 0.00 0.00
971.0 757.0 0.00 0.00
1136.0 111.0 0.00 0.00
447.0 87.0 0.00 0.00
1266.0 184.0 0.00 0.00
43.0 516.0 0.00 0.00
335.0 650.0 0.00 0.00
1039.0 304.0 0.00 0.00
618.0 805.0 0.00 0.00
1104.0 882.0 0.00 0.00
234.0 885.0 0.00 0.00
1071.0 757.0 0.00 0.00
1416.0 89.0 0.00 0.00
216.0 592.0 0.00 0.00
555.0 703.0 0.00 0.00
207.0 232.0 0.00 0.00
304.0 208.0 0.00 0.00
1720.0 137.0 0.00 0.00
135.0 32.0 0.00 0.00
729.0 94.0 0.00 0.00
458.0 648.0 0.00 0.00
1542.0 684.0 0.00 0.00
1529.0 873.0 0.00 0.00
1245.0 492.0 0.00 0.00
744.0 899.0 0.00 0.00
1647.0 766.0 0.00 0.00
86.0 343.0 0.00 0.00
600.0 960.0 0.00 0.00
685.0 937.0 0.00 0.00
145.0 776.0 0.00 0.00
1789.0 372.0 0.00 0.00
1584.0 80.0 0.00 0.00
787.0 367.0 0.00 0.00
16.0 459.0 0.00 0.00
59.0 494.0 0.00 0.00
400.0 81.0 0.00 0.00
544.0 837.0 0.00 0.00
72.0 128.0 0.00 0.00
1568.0 70.0 0.00 0.00
1261.0 657.0 0.00 0.00
561.0 502.0 0.00 0.00
774.0 247.0 0.00 0.00
768.0 316.0 0.00 0.00
720.0 598.0 0.00 0.00
855.0 319.0 0.00 0.00
1581.0 913.0 0.00 0.00
975.0 47.0 0.00 0.00
333.0 957.0 0.00 0.00
663.0 698.0 0.00 0.00
1414.0 610.0 0.00 0.00
74.0 889.0 0.00 0.00
1058.0 940.0 0.00 0.00
1551.0 247.0 0.00 0.00
396.0 980.0 0.00 0.00
613.0 694.0 0.00 0.00
724.0 744.0 0.00 0.00
512.0 182.0 0.00 0.00
951.0 240.0 0.00 0.00
1216.0 36.0 0.00 0.00
503.0 112.0 0.00 0.00
1190.0 378.0 0.00 0.00
368.0 735.0 0.00 0.00
927.0 1105.0 0.00 0.00
67.0 240.0 0.00 0.00
1017.0 271.0 0.00 0.00
727.0 137.0 0.00 0.00
333.0 634.0 0.00 0.00
974.0 1001.0 0.00 0.00
473.0 686.0 0.00 0.00
104.0 455.0 0.00 0.00
1559.0 787.0 0.00 0.00
640.0 998.0 0.00 0.00
303.0 223.0 0.00 0.00
490.0 497.0 0.00 0.00
1136.0 64.0 0.00 0.00
143.0 80.0 0.00 0.00
160.0 514.0 0.00 0.00
1488.0 288.0 0.00 0.00
1180.0 365.0 0.00 0.00
159.0 183.0 0.00 0.00
232.0 638.0 0.00 0.00
1272.0 262.0 0.00 0.00
1063.0 375.0 0.00 0.00
157.0 231.0 0.00 0.00
166.0 635.0 0.00 0.00
743.0 560.0 0.00 0.00
999.0 921.0 0.00 0.00
425.0 666.0 0.00 0.00
1513.0 703.0 0.00 0.00
636.0 1186.0 0.00 0.00
1561.0 726.0 0.00 0.00
1614.0 159.0 0.00 0.00
368.0 778.0 0.00 0.00
231.0 742.0 0.00 0.00
1191.0 815.0 0.00 0.00
903.0 320.0 0.00 0.00
289.0 809.0 0.00 0.00
616.0 423.0 0.00 0.00
965.0 815.0 0.00 0.00
1344.0 144.0 0.00 0.00
616.0 300.0 0.00 0.00
263.0 536.0 0.00 0.00
689.0 869.0 0.00 0.00
863.0 40.0 0.00 0.00
1502.0 699.0 0.00 0.00
1407.0 628.0 0.00 0.00
938.0 930.0 0.00 0.00
79.0 167.0 0.00 0.00
1510.0 687.0 0.00 0.00
279.0 432.0 0.00 0.00
1305.0 471.0 0.00 0.00
1475.0 708.0 0.00 0.00
1558.0 167.0 0.00 0.00
280.0 211.0 0.00 0.00
175.0 633.0 0.00 0.00
633.0 1015.0 0.00 0.00
334.0 869.0 0.00 0.00
983.0 720.0 0.00 0.00
581.0 788.0 0.00 0.00
1010.0 926.0 0.00 0.00
1183.0 962.0 0.00 0.00
1756.0 278.0 0.00 0.00
1686.0 1025.0 0.00 0.00
1063.0 216.0 0.00 0.00
434.0 680.0 0.00 0.00
1627.0 804.0 0.00 0.00
1680.0 8.0 0.00 0.00
856.0 900.0 0.00 0.00
495.0 770.0 0.00 0.00
402.0 848.0 0.00 0.00
954.0 970.0 0.00 0.00
694.0 947.0 0.00 0.00
951.0 311.0 0.00 0.00
1312.0 135.0 0.00 0.00
111.0 400.0 0.00 0.00
967.0 746.0 0.00 0.00
1381.0 920.0 0.00 0.00
373.0 496.0 0.00 0.00
319.0 994.0 0.00 0.00
1177.0 731.0 0.00 0.00
1547.0 870.0 0.00 0.00
630.0 650.0 0.00 0.00
589.0 744.0 0.00 0.00
1143.0 47.0 0.00 0.00
1126.0 834.0 0.00 0.00
928.0 130.0 0.00 0.00
1727.0 31.0 0.00 0.00
351.0 423.0 0.00 0.00
330.0 929.0 0.00 0.00
381.0 724.0 0.00 0.00
599.0 79.0 0.00 0.00
496.0 216.0 0.00 0.00
1710.0 638.0 0.00 0.00
969.0 739.0 0.00 0.00
405.0 704.0 0.00 0.00
538.0 654.0 0.00 0.00
1560.0 32.0 0.00 0.00
207.0 258.0 0.00 0.00
1198.0 719.0 0.00 0.00
1536.0 352.0 0.00 0.00
1539.0 615.0 0.00 0.00
957.0 816.0 0.00 0.00
427.0 975.0 0.00 0.00
27.0 677.0 0.00 0.00
1293.0 470.0 0.00 0.00
825.0 479.0 0.00 0.00
501.0 781.0 0.00 0.00
1697.0 344.0 0.00 0.00
1312.0 829.0 0.00 0.00
999.0 1074.0 0.00 0.00
47.0 247.0 0.00 0.00
38.0 102.0 0.00 0.00
1705.0 577.0 0.00 0.00
1240.0 142.0 0.00 0.00
1006.0 599.0 0.00 0.00
1719.0 976.0 0.00 0.00
516.0 763.0 0.00 0.00
1440.0 32.0 0.00 0.00
1604.0 346.0 0.00 0.00
496.0 143.0 0.00 0.00
287.0 143.0 0.00 0.00
1353.0 271.0 0.00 0.00
847.0 915.0 0.00 0.00
1018.0 390.0 0.00 0.00
679.0 440.0 0.00 0.00
404.0 959.0 0.00 0.00
1724.0 895.0 0.00 0.00
1356.0 434.0 0.00 0.00
1225.0 732.0 0.00 0.00
671.0 112.0 0.00 0.00
812.0 550.0 0.00 0.00
541.0 909.0 0.00 0.00
1567.0 16.0 0.00 0.00
1412.0 570.0 0.00 0.00
455.0 302.0 0.00 0.00
972.0 320.0 0.00 0.00
423.0 642.0 0.00 0.00
605.0 789.0 0.00 0.00
464.0 847.0 0.00 0.00
1380.0 894.0 0.00 0.00
1119.0 143.0 0.00 0.00
987.0 800.0 0.00 0.00
711.0 599.0 0.00 0.00
1432.0 255.0 0.00 0.00
1689.0 272.0 0.00 0.00
1519.0 82.0 0.00 0.00
106.0 718.0 0.00 0.00
602.0 764.0 0.00 0.00
766.0 425.0 0.00 0.00
1121.0 693.0 0.00 0.00
868.0 907.0 0.00 0.00
999.0 48.0 0.00 0.00
1384.0 200.0 0.00 0.00
614.0 435.0 0.00 0.00
299.0 816.0 0.00 0.00
576.0 625.0 0.00 0.00
1378.0 669.0 0.00 0.00
320.0 102.0 0.00 0.00
1563.0 866.0 0.00 0.00
255.0 456.0 0.00 0.00
629.0 804.0 0.00 0.00
932.0 986.0 0.00 0.00
1551.0 96.0 0.00 0.00
576.0 953.0 0.00 0.00
1330.0 150.0 0.00 0.00
104.0 422.0 0.00 0.00
264.0 526.0 0.00 0.00
1492.0 367.0 0.00 0.00
638.0 86.0 0.00 0.00
335.0 208.0 0.00 0.00
591.0 103.0 0.00 0.00
903.0 569.0 0.00 0.00
583.0 25.0 0.00 0.00
839.0 223.0 0.00 0.00
1016.0 63.0 0.00 0.00
271.0 320.0 0.00 0.00
1599.0 962.0 0.00 0.00
614.0 745.0 0.00 0.00
619.0 358.0 0.00 0.00
1719.0 95.0 0.00 0.00
941.0 376.0 0.00 0.00
1312.0 847.0 0.00 0.00
498.0 685.0 0.00 0.00
604.0 685.0 0.00 0.00
138.0 946.0 0.00 0.00
694.0 391.0 0.00 0.00
1318.0 780.0 0.00 0.00
1417.0 64.0 0.00 0.00
1748.0 1004.0 0.00 0.00
1432.0 372.0 0.00 0.00
703.0 95.0 0.00 0.00
894.0 206.0 0.00 0.00
1103.0 914.0 0.00 0.00
890.0 921.0 0.00 0.00
559.0 613.0 0.00 0.00
288.0 447.0 0.00 0.00
383.0 319.0 0.00 0.00
681.0 675.0 0.00 0.00
245.0 812.0 0.00 0.00
824.0 47.0 0.00 0.00
29.0 822.0 0.00 0.00
183.0 567.0 0.00 0.00
741.0 740.0 0.00 0.00
621.0 676.0 0.00 0.00
311.0 263.0 0.00 0.00
935.0 31.0 0.00 0.00
928.0 326.0 0.00 0.00
285.0 669.0 0.00 0.00
48.0 352.0 0.00 0.00
119.0 10.0 0.00 0.00
536.0 995.0 0.00 0.00
1424.0 762.0 0.00 0.00
296.0 511.0 0.00 0.00
74.0 419.0 0.00 0.00
959.0 906.0 0.00 0.00
767.0 864.0 0.00 0.00
616.0 371.0 0.00 0.00
15.0 45.0 0.00 0.00
1727.0 944.0 0.00 0.00
289.0 211.0 0.00 0.00
751.0 591.0 0.00 0.00
1413.0 912.0 0.00 0.00
559.0 1068.0 0.00 0.00
378.0 944.0 0.00 0.00
1040.0 936.0 0.00 0.00
191.0 104.0 0.00 0.00
247.0 87.0 0.00 0.00
472.0 336.0 0.00 0.00
1191.0 167.0 0.00 0.00
257.0 908.0 0.00 0.00
162.0 820.0 0.00 0.00
460.0 961.0 0.00 0.00
1290.0 768.0 0.00 0.00
1005.0 645.0 0.00 0.00
258.0 875.0 0.00 0.00
1115.0 946.0 0.00 0.00
1121.0 688.0 0.00 0.00
1648.0 986.0 0.00 0.00
1614.0 987.0 0.00 0.00
1175.0 128.0 0.00 0.00
174.0 415.0 0.00 0.00
184.0 208.0 0.00 0.00
187.0 803.0 0.00 0.00
197.0 804.0 0.00 0.00
146.0 671.0 0.00 0.00
786.0 113.0 0.00 0.00
65.0 881.0 0.00 0.00
1215.0 911.0 0.00 0.00
254.0 584.0 0.00 0.00
974.0 639.0 0.00 0.00
503.0 223.0 0.00 0.00
175.0 999.0 0.00 0.00
103.0 359.0 0.00 0.00
224.0 447.0 0.00 0.00
511.0 964.0 0.00 0.00
1112.0 701.0 0.00 0.00
1775.0 47.0 0.00 0.00
121.0 303.0 0.00 0.00
1234.0 754.0 0.00 0.00
482.0 423.0 0.00 0.00
1123.0 583.0 0.00 0.00
686.0 696.0 0.00 0.00
71.0 159.0 0.00 0.00
1241.0 193.0 0.00 0.00
624.0 977.0 0.00 0.00
618.0 931.0 0.00 0.00
1139.0 330.0 0.00 0.00
695.0 440.0 0.00 0.00
785.0 239.0 0.00 0.00
1220.0 159.0 0.00 0.00
847.0 240.0 0.00 0.00
1690.0 762.0 0.00 0.00
984.0 912.0 0.00 0.00
504.0 208.0 0.00 0.00
1267.0 727.0 0.00 0.00
896.0 989.0 0.00 0.00
1154.0 22.0 0.00 0.00
511.0 417.0 0.00 0.00
863.0 159.0 0.00 0.00
407.0 263.0 0.00 0.00
199.0 87.0 0.00 0.00
1126.0 665.0 0.00 0.00
1047.0 176.0 0.00 0.00
1064.0 95.0 0.00 0.00
102.0 1097.0 0.00 0.00
391.0 47.0 0.00 0.00
845.0 945.0 0.00 0.00
814.0 599.0 0.00 0.00
198.0 742.0 0.00 0.00
244.0 392.0 0.00 0.00
353.0 479.0 0.00 0.00
336.0 929.0 0.00 0.00
1310.0 103.0 0.00 0.00
568.0 559.0 0.00 0.00
256.0 123.0 0.00 0.00
367.0 175.0 0.00 0.00
964.0 402.0 0.00 0.00
474.0 908.0 0.00 0.00
848.0 79.0 0.00 0.00
601.0 337.0 0.00 0.00
857.0 473.0 0.00 0.00
1744.0 52.0 0.00 0.00
1481.0 71.0 0.00 0.00
403.0 800.0 0.00 0.00
622.0 842.0 0.00 0.00
820.0 891.0 0.00 0.00
169.0 551.0 0.00 0.00
1310.0 167.0 0.00 0.00
233.0 863.0 0.00 0.00
855.0 359.0 0.00 0.00
799.0 170.0 0.00 0.00
738.0 705.0 0.00 0.00
1023.0 10.0 0.00 0.00
1183.0 159.0 0.00 0.00
1401.0 1183.0 0.00 0.00
742.0 872.0 0.00 0.00
416.0 535.0 0.00 0.00
1661.0 715.0 0.00 0.00
1055.0 374.0 0.00 0.00
719.0 344.0 0.00 0.00
959.0 179.0 0.00 0.00
623.0 142.0 0.00 0.00
1151.0 31.0 0.00 0.00
146.0 917.0 0.00 0.00
1448.0 70.0 0.00 0.00
1735.0 136.0 0.00 0.00
128.0 581.0 0.00 0.00
815.0 791.0 0.00 0.00
1117.0 712.0 0.00 0.00
628.0 850.0 0.00 0.00
1024.0 428.0 0.00 0.00
1672.0 152.0 0.00 0.00
415.0 95.0 0.00 0.00
55.0 368.0 0.00 0.00
545.0 1161.0 0.00 0.00
798.0 383.0 0.00 0.00
1149.0 884.0 0.00 0.00
1128.0 906.0 0.00 0.00
1023.0 191.0 0.00 0.00
1559.0 799.0 0.00 0.00
1041.0 374.0 0.00 0.00
1623.0 80.0 0.00 0.00
467.0 852.0 0.00 0.00
403.0 810.0 0.00 0.00
80.0 263.0 0.00 0.00
791.0 312.0 0.00 0.00
31.0 789.0 0.00 0.00
495.0 721.0 0.00 0.00
823.0 752.0 0.00 0.00
958.0 873.0 0.00 0.00
721.0 112.0 0.00 0.00
1776.0 728.0 0.00 0.00
263.0 810.0 0.00 0.00
1639.0 655.0 0.00 0.00
1277.0 621.0 0.00 0.00
943.0 296.0 0.00 0.00
953.0 294.0 0.00 0.00
527.0 959.0 0.00 0.00
430.0 295.0 0.00 0.00
383.0 455.0 0.00 0.00
1165.0 567.0 0.00 0.00
1594.0 524.0 0.00 0.00
307.0 824.0 0.00 0.00
88.0 191.0 0.00 0.00
366.0 880.0 0.00 0.00
96.0 856.0 0.00 0.00
1271.0 80.0 0.00 0.00
1138.0 924.0 0.00 0.00
796.0 681.0 0.00 0.00
826.0 666.0 0.00 0.00
1455.0 255.0 0.00 0.00
559.0 663.0 0.00 0.00
166.0 279.0 0.00 0.00
414.0 767.0 0.00 0.00
153.0 422.0 0.00 0.00
1496.0 95.0 0.00 0.00
951.0 710.0 0.00 0.00
716.0 954.0 0.00 0.00
561.0 375.0 0.00 0.00
1677.0 96.0 0.00 0.00
1423.0 752.0 0.00 0.00
1425.0 205.0 0.00 0.00
1007.0 159.0 0.00 0.00
991.0 784.0 0.00 0.00
1600.0 750.0 0.00 0.00
1204.0 960.0 0.00 0.00
578.0 701.0 0.00 0.00
96.0 576.0 0.00 0.00
1001.0 959.0 0.00 0.00
634.0 935.0 0.00 0.00
165.0 762.0 0.00 0.00
944.0 31.0 0.00 0.00
18.0 648.0 0.00 0.00
501.0 792.0 0.00 0.00
448.0 205.0 0.00 0.00
1243.0 763.0 0.00 0.00
581.0 661.0 0.00 0.00
485.0 959.0 0.00 0.00
1408.0 639.0 0.00 0.00
1635.0 1009.0 0.00 0.00
687.0 464.0 0.00 0.00
915.0 910.0 0.00 0.00
1737.0 377.0 0.00 0.00
1768.0 717.0 0.00 0.00
1390.0 872.0 0.00 0.00
1012.0 383.0 0.00 0.00
294.0 311.0 0.00 0.00
928.0 829.0 0.00 0.00
1635.0 649.0 0.00 0.00
591.0 31.0 0.00 0.00
184.0 762.0 0.00 0.00
711.0 464.0 0.00 0.00
505.0 743.0 0.00 0.00
978.0 803.0 0.00 0.00
587.0 928.0 0.00 0.00
959.0 71.0 0.00 0.00
527.0 623.0 0.00 0.00
207.0 135.0 0.00 0.00
921.0 231.0 0.00 0.00
928.0 223.0 0.00 0.00
481.0 822.0 0.00 0.00
1591.0 16.0 0.00 0.00
191.0 718.0 0.00 0.00
605.0 663.0 0.00 0.00
372.0 692.0 0.00 0.00
1264.0 88.0 0.00 0.00
941.0 167.0 0.00 0.00
348.0 735.0 0.00 0.00
528.0 938.0 0.00 0.00
1629.0 835.0 0.00 0.00
687.0 655.0 0.00 0.00
1650.0 613.0 0.00 0.00
1374.0 557.0 0.00 0.00
1392.0 169.0 0.00 0.00
895.0 828.0 0.00 0.00
798.0 1185.0 0.00 0.00
978.0 644.0 0.00 0.00
604.0 1156.0 0.00 0.00
77.0 223.0 0.00 0.00
73.0 774.0 0.00 0.00
1482.0 369.0 0.00 0.00
1429.0 484.0 0.00 0.00
255.0 730.0 0.00 0.00
580.0 513.0 0.00 0.00
608.0 1187.0 0.00 0.00
919.0 279.0 0.00 0.00
244.0 875.0 0.00 0.00
929.0 216.0 0.00 0.00
475.0 956.0 0.00 0.00
400.0 72.0 0.00 0.00
747.0 727.0 0.00 0.00
1767.0 347.0 0.00 0.00
1276.0 702.0 0.00 0.00
890.0 599.0 0.00 0.00
386.0 813.0 0.00 0.00
383.0 440.0 0.00 0.00
960.0 127.0 0.00 0.00
1647.0 151.0 0.00 0.00
162.0 1142.0 0.00 0.00
1663.0 143.0 0.00 0.00
1414.0 932.0 0.00 0.00
1563.0 871.0 0.00 0.00
136.0 198.0 0.00 0.00
551.0 925.0 0.00 0.00
233.0 529.0 0.00 0.00
1296.0 478.0 0.00 0.00
1612.0 597.0 0.00 0.00
887.0 431.0 0.00 0.00
11.0 789.0 0.00 0.00
119.0 665.0 0.00 0.00
1007.0 971.0 0.00 0.00
837.0 599.0 0.00 0.00
1395.0 594.0 0.00 0.00
598.0 659.0 0.00 0.00
895.0 369.0 0.00 0.00
167.0 988.0 0.00 0.00
1652.0 816.0 0.00 0.00
1009.0 906.0 0.00 0.00
1668.0 986.0 0.00 0.00
120.0 201.0 0.00 0.00
1492.0 836.0 0.00 0.00
1320.0 344.0 0.00 0.00
1328.0 239.0 0.00 0.00
321.0 127.0 0.00 0.00
1072.0 305.0 0.00 0.00
1313.0 1056.0 0.00 0.00
91.0 254.0 0.00 0.00
911.0 144.0 0.00 0.00
847.0 473.0 0.00 0.00
1653.0 681.0 0.00 0.00
464.0 103.0 0.00 0.00
223.0 113.0 0.00 0.00
1394.0 961.0 0.00 0.00
1400.0 1068.0 0.00 0.00
352.0 867.0 0.00 0.00
712.0 254.0 0.00 0.00
1352.0 119.0 0.00 0.00
1009.0 916.0 0.00 0.00
375.0 359.0 0.00 0.00
951.0 207.0 0.00 0.00
807.0 206.0 0.00 0.00
1079.0 280.0 0.00 0.00
475.0 651.0 0.00 0.00
871.0 424.0 0.00 0.00
1447.0 240.0 0.00 0.00
1477.0 720.0 0.00 0.00
231.0 488.0 0.00 0.00
311.0 238.0 0.00 0.00
703.0 144.0 0.00 0.00
355.0 704.0 0.00 0.00
1288.0 231.0 0.00 0.00
1118.0 721.0 0.00 0.00
1630.0 359.0 0.00 0.00
223.0 167.0 0.00 0.00
1371.0 659.0 0.00 0.00
678.0 263.0 0.00 0.00
1560.0 810.0 0.00 0.00
86.0 1100.0 0.00 0.00
633.0 591.0 0.00 0.00
199.0 231.0 0.00 0.00
1211.0 621.0 0.00 0.00
959.0 855.0 0.00 0.00
765.0 725.0 0.00 0.00
1771.0 319.0 0.00 0.00
32.0 281.0 0.00 0.00
950.0 771.0 0.00 0.00
703.0 638.0 0.00 0.00
891.0 735.0 0.00 0.00
1138.0 911.0 0.00 0.00
1647.0 328.0 0.00 0.00
1687.0 103.0 0.00 0.00
959.0 31.0 0.00 0.00
410.0 104.0 0.00 0.00
481.0 411.0 0.00 0.00
1049.0 140.0 0.00 0.00
1452.0 892.0 0.00 0.00
720.0 453.0 0.00 0.00
188.0 1185.0 0.00 0.00
1062.0 984.0 0.00 0.00
880.0 207.0 0.00 0.00
1503.0 175.0 0.00 0.00
185.0 263.0 0.00 0.00
473.0 215.0 0.00 0.00
870.0 51.0 0.00 0.00
1413.0 962.0 0.00 0.00
1631.0 860.0 0.00 0.00
127.0 183.0 0.00 0.00
274.0 818.0 0.00 0.00
463.0 431.0 0.00 0.00
151.0 857.0 0.00 0.00
1302.0 754.0 0.00 0.00
208.0 680.0 0.00 0.00
1588.0 447.0 0.00 0.00
964.0 474.0 0.00 0.00
1167.0 526.0 0.00 0.00
272.0 465.0 0.00 0.00
1569.0 114.0 0.00 0.00
656.0 351.0 0.00 0.00
375.0 343.0 0.00 0.00
516.0 659.0 0.00 0.00
192.0 167.0 0.00 0.00
559.0 528.0 0.00 0.00
551.0 504.0 0.00 0.00
1190.0 668.0 0.00 0.00
1042.0 435.0 0.00 0.00
1152.0 96.0 0.00 0.00
575.0 423.0 0.00 0.00
1281.0 135.0 0.00 0.00
1213.0 605.0 0.00 0.00
24.0 171.0 0.00 0.00
1026.0 979.0 0.00 0.00
353.0 931.0 0.00 0.00
1425.0 743.0 0.00 0.00
558.0 97.0 0.00 0.00
1069.0 373.0 0.00 0.00
1660.0 939.0 0.00 0.00
384.0 280.0 0.00 0.00
1655.0 327.0 0.00 0.00
742.0 513.0 0.00 0.00
229.0 626.0 0.00 0.00
1226.0 514.0 0.00 0.00
99.0 191.0 0.00 0.00
648.0 381.0 0.00 0.00
384.0 466.0 0.00 0.00
703.0 487.0 0.00 0.00
1304.0 912.0 0.00 0.00
407.0 464.0 0.00 0.00
1395.0 663.0 0.00 0.00
1654.0 1010.0 0.00 0.00
327.0 359.0 0.00 0.00
1697.0 110.0 0.00 0.00
1358.0 248.0 0.00 0.00
175.0 534.0 0.00 0.00
1161.0 586.0 0.00 0.00
423.0 319.0 0.00 0.00
1591.0 111.0 0.00 0.00
1215.0 361.0 0.00 0.00
1525.0 908.0 0.00 0.00
1168.0 240.0 0.00 0.00
1207.0 96.0 0.00 0.00
391.0 336.0 0.00 0.00
1759.0 167.0 0.00 0.00
1295.0 988.0 0.00 0.00
1546.0 964.0 0.00 0.00
865.0 71.0 0.00 0.00
651.0 128.0 0.00 0.00
1003.0 464.0 0.00 0.00
1005.0 579.0 0.00 0.00
521.0 455.0 0.00 0.00
682.0 761.0 0.00 0.00
176.0 463.0 0.00 0.00
1698.0 892.0 0.00 0.00
561.0 393.0 0.00 0.00
1221.0 803.0 0.00 0.00
372.0 550.0 0.00 0.00
312.0 311.0 0.00 0.00
1247.0 32.0 0.00 0.00
337.0 893.0 0.00 0.00
1708.0 701.0 0.00 0.00
383.0 119.0 0.00 0.00
847.0 416.0 0.00 0.00
884.0 184.0 0.00 0.00
127.0 1118.0 0.00 0.00
286.0 481.0 0.00 0.00
1686.0 929.0 0.00 0.00
1005.0 538.0 0.00 0.00
1526.0 338.0 0.00 0.00
1043.0 1141.0 0.00 0.00
1276.0 936.0 0.00 0.00
1486.0 47.0 0.00 0.00
671.0 952.0 0.00 0.00
223.0 1034.0 0.00 0.00
1493.0 698.0 0.00 0.00
95.0 593.0 0.00 0.00
172.0 862.0 0.00 0.00
1197.0 71.0 0.00 0.00
1280.0 692.0 0.00 0.00
1637.0 630.0 0.00 0.00
626.0 287.0 0.00 0.00
112.0 287.0 0.00 0.00
1276.0 828.0 0.00 0.00
200.0 700.0 0.00 0.00
943.0 599.0 0.00 0.00
616.0 504.0 0.00 0.00
958.0 700.0 0.00 0.00
279.0 336.0 0.00 0.00
1149.0 367.0 0.00 0.00
127.0 912.0 0.00 0.00
1159.0 144.0 0.00 0.00
1133.0 573.0 0.00 0.00
978.0 724.0 0.00 0.00
1154.0 1151.0 0.00 0.00
601.0 693.0 0.00 0.00
1774.0 546.0 0.00 0.00
679.0 95.0 0.00 0.00
1402.0 557.0 0.00 0.00
320.0 151.0 0.00 0.00
1003.0 488.0 0.00 0.00
288.0 936.0 0.00 0.00
592.0 467.0 0.00 0.00
599.0 391.0 0.00 0.00
351.0 331.0 0.00 0.00
455.0 549.0 0.00 0.00
713.0 684.0 0.00 0.00
160.0 351.0 0.00 0.00
148.0 906.0 0.00 0.00
1660.0 1011.0 0.00 0.00
1463.0 240.0 0.00 0.00
841.0 383.0 0.00 0.00
1583.0 237.0 0.00 0.00
1234.0 748.0 0.00 0.00
351.0 149.0 0.00 0.00
1016.0 341.0 0.00 0.00
235.0 816.0 0.00 0.00
1303.0 436.0 0.00 0.00
16.0 362.0 0.00 0.00
143.0 135.0 0.00 0.00
1222.0 612.0 0.00 0.00
736.0 590.0 0.00 0.00
222.0 832.0 0.00 0.00
1678.0 814.0 0.00 0.00
920.0 120.0 0.00 0.00
775.0 22.0 0.00 0.00
1467.0 781.0 0.00 0.00
736.0 463.0 0.00 0.00
1259.0 726.0 0.00 0.00
167.0 159.0 0.00 0.00
1706.0 214.0 0.00 0.00
8.0 593.0 0.00 0.00
1179.0 709.0 0.00 0.00
1167.0 70.0 0.00 0.00
1082.0 719.0 0.00 0.00
1343.0 119.0 0.00 0.00
1591.0 361.0 0.00 0.00
995.0 674.0 0.00 0.00
1379.0 887.0 0.00 0.00
960.0 239.0 0.00 0.00
373.0 944.0 0.00 0.00
848.0 836.0 0.00 0.00
1700.0 931.0 0.00 0.00
29.0 502.0 0.00 0.00
1058.0 847.0 0.00 0.00
1131.0 32.0 0.00 0.00
1431.0 240.0 0.00 0.00
213.0 717.0 0.00 0.00
551.0 71.0 0.00 0.00
860.0 799.0 0.00 0.00
271.0 760.0 0.00 0.00
1183.0 216.0 0.00 0.00
842.0 932.0 0.00 0.00
1279.0 213.0 0.00 0.00
393.0 1185.0 0.00 0.00
456.0 240.0 0.00 0.00
1425.0 33.0 0.00 0.00
171.0 823.0 0.00 0.00
1224.0 1191.0 0.00 0.00
276.0 960.0 0.00 0.00
1257.0 748.0 0.00 0.00
885.0 991.0 0.00 0.00
468.0 159.0 0.00 0.00
766.0 265.0 0.00 0.00
1599.0 176.0 0.00 0.00
1159.0 218.0 0.00 0.00
149.0 987.0 0.00 0.00
1007.0 381.0 0.00 0.00
1633.0 897.0 0.00 0.00
1443.0 452.0 0.00 0.00
759.0 509.0 0.00 0.00
1080.0 272.0 0.00 0.00
1184.0 967.0 0.00 0.00
1157.0 726.0 0.00 0.00
975.0 199.0 0.00 0.00
1086.0 683.0 0.00 0.00
1587.0 650.0 0.00 0.00
439.0 480.0 0.00 0.00
379.0 880.0 0.00 0.00
1679.0 584.0 0.00 0.00
1708.0 94.0 0.00 0.00
815.0 81.0 0.00 0.00
582.0 814.0 0.00 0.00
1416.0 247.0 0.00 0.00
191.0 448.0 0.00 0.00
1295.0 223.0 0.00 0.00
122.0 574.0 0.00 0.00
1443.0 655.0 0.00 0.00
42.0 600.0 0.00 0.00
922.0 335.0 0.00 0.00
528.0 465.0 0.00 0.00
1535.0 944.0 0.00 0.00
1237.0 127.0 0.00 0.00
1594.0 660.0 0.00 0.00
1171.0 356.0 0.00 0.00
67.0 581.0 0.00 0.00
166.0 386.0 0.00 0.00
889.0 303.0 0.00 0.00
367.0 215.0 0.00 0.00
1191.0 810.0 0.00 0.00
1030.0 136.0 0.00 0.00
792.0 326.0 0.00 0.00
792.0 571.0 0.00 0.00
1257.0 358.0 0.00 0.00
815.0 781.0 0.00 0.00
1135.0 720.0 0.00 0.00
397.0 800.0 0.00 0.00
1667.0 763.0 0.00 0.00
472.0 423.0 0.00 0.00
607.0 351.0 0.00 0.00
1207.0 79.0 0.00 0.00
520.0 430.0 0.00 0.00
1192.0 183.0 0.00 0.00
822.0 783.0 0.00 0.00
239.0 359.0 0.00 0.00
1272.0 175.0 0.00 0.00
1431.0 725.0 0.00 0.00
1228.0 176.0 0.00 0.00
17.0 904.0 0.00 0.00
1459.0 1037.0 0.00 0.00
375.0 272.0 0.00 0.00
533.0 1162.0 0.00 0.00
831.0 879.0 0.00 0.00
920.0 167.0 0.00 0.00
345.0 634.0 0.00 0.00
807.0 447.0 0.00 0.00
858.0 734.0 0.00 0.00
1438.0 782.0 0.00 0.00
112.0 384.0 0.00 0.00
1377.0 254.0 0.00 0.00
399.0 95.0 0.00 0.00
1392.0 951.0 0.00 0.00
416.0 272.0 0.00 0.00
1565.0 912.0 0.00 0.00
895.0 120.0 0.00 0.00
308.0 928.0 0.00 0.00
551.0 96.0 0.00 0.00
1426.0 841.0 0.00 0.00
1543.0 729.0 0.00 0.00
1714.0 423.0 0.00 0.00
883.0 417.0 0.00 0.00
43.0 888.0 0.00 0.00
1185.0 670.0 0.00 0.00
1283.0 997.0 0.00 0.00
737.0 168.0 0.00 0.00
1759.0 322.0 0.00 0.00
1582.0 640.0 0.00 0.00
1286.0 499.0 0.00 0.00
337.0 111.0 0.00 0.00
1681.0 764.0 0.00 0.00
1295.0 755.0 0.00 0.00
1467.0 342.0 0.00 0.00
865.0 279.0 0.00 0.00
1083.0 112.0 0.00 0.00
474.0 593.0 0.00 0.00
54.0 497.0 0.00 0.00
887.0 169.0 0.00 0.00
831.0 160.0 0.00 0.00
1397.0 310.0 0.00 0.00
792.0 518.0 0.00 0.00
134.0 143.0 0.00 0.00
696.0 454.0 0.00 0.00
1310.0 191.0 0.00 0.00
543.0 495.0 0.00 0.00
864.0 826.0 0.00 0.00
1345.0 451.0 0.00 0.00
895.0 880.0 0.00 0.00
736.0 147.0 0.00 0.00
1243.0 708.0 0.00 0.00
872.0 194.0 0.00 0.00
1535.0 538.0 0.00 0.00
526.0 724.0 0.00 0.00
1691.0 399.0 0.00 0.00
1364.0 706.0 0.00 0.00
1256.0 894.0 0.00 0.00
823.0 112.0 0.00 0.00
633.0 103.0 0.00 0.00
1767.0 706.0 0.00 0.00
448.0 449.0 0.00 0.00
767.0 943.0 0.00 0.00
660.0 765.0 0.00 0.00
1172.0 964.0 0.00 0.00
1003.0 472.0 0.00 0.00
32.0 128.0 0.00 0.00
232.0 908.0 0.00 0.00
912.0 615.0 0.00 0.00
1128.0 932.0 0.00 0.00
103.0 89.0 0.00 0.00
