4096 128
1543.0 772.0 0.00 0.00
1761.0 650.0 0.00 0.00
1552.0 475.0 0.00 0.00
797.0 865.0 0.00 0.00
1543.0 509.0 0.00 0.00
838.0 783.0 0.00 0.00
1522.0 531.0 0.00 0.00
1587.0 449.0 0.00 0.00
1459.0 666.0 0.00 0.00
1664.0 414.0 0.00 0.00
1637.0 423.0 0.00 0.00
1651.0 440.0 0.00 0.00
1567.0 488.0 0.00 0.00
420.0 510.0 0.00 0.00
447.0 663.0 0.00 0.00
1223.0 756.0 0.00 0.00
1612.0 435.0 0.00 0.00
1518.0 771.0 0.00 0.00
1537.0 487.0 0.00 0.00
232.0 412.0 0.00 0.00
532.0 667.0 0.00 0.00
904.0 700.0 0.00 0.00
985.0 650.0 0.00 0.00
155.0 737.0 0.00 0.00
1568.0 773.0 0.00 0.00
477.0 936.0 0.00 0.00
849.0 692.0 0.00 0.00
744.0 909.0 0.00 0.00
1359.0 757.0 0.00 0.00
454.0 494.0 0.00 0.00
1612.0 444.0 0.00 0.00
1493.0 771.0 0.00 0.00
670.0 736.0 0.00 0.00
781.0 910.0 0.00 0.00
532.0 974.0 0.00 0.00
1049.0 815.0 0.00 0.00
1620.0 453.0 0.00 0.00
201.0 741.0 0.00 0.00
807.0 818.0 0.00 0.00
484.0 776.0 0.00 0.00
321.0 808.0 0.00 0.00
782.0 778.0 0.00 0.00
171.0 605.0 0.00 0.00
348.0 923.0 0.00 0.00
476.0 897.0 0.00 0.00
610.0 830.0 0.00 0.00
1567.0 463.0 0.00 0.00
567.0 873.0 0.00 0.00
293.0 476.0 0.00 0.00
484.0 792.0 0.00 0.00
613.0 869.0 0.00 0.00
825.0 795.0 0.00 0.00
548.0 781.0 0.00 0.00
1682.0 429.0 0.00 0.00
877.0 816.0 0.00 0.00
527.0 795.0 0.00 0.00
711.0 755.0 0.00 0.00
746.0 947.0 0.00 0.00
1718.0 400.0 0.00 0.00
408.0 508.0 0.00 0.00
67.0 612.0 0.00 0.00
189.0 863.0 0.00 0.00
1603.0 440.0 0.00 0.00
1588.0 489.0 0.00 0.00
1575.0 900.0 0.00 0.00
1287.0 366.0 0.00 0.00
87.0 715.0 0.00 0.00
1124.0 689.0 0.00 0.00
1208.0 858.0 0.00 0.00
839.0 759.0 0.00 0.00
1620.0 431.0 0.00 0.00
1053.0 699.0 0.00 0.00
1090.0 648.0 0.00 0.00
778.0 947.0 0.00 0.00
1456.0 695.0 0.00 0.00
206.0 897.0 0.00 0.00
1312.0 633.0 0.00 0.00
794.0 950.0 0.00 0.00
1477.0 609.0 0.00 0.00
1311.0 818.0 0.00 0.00
1507.0 637.0 0.00 0.00
541.0 872.0 0.00 0.00
385.0 576.0 0.00 0.00
1267.0 762.0 0.00 0.00
799.0 764.0 0.00 0.00
849.0 726.0 0.00 0.00
475.0 908.0 0.00 0.00
516.0 797.0 0.00 0.00
1468.0 770.0 0.00 0.00
1495.0 636.0 0.00 0.00
536.0 819.0 0.00 0.00
1443.0 770.0 0.00 0.00
1475.0 655.0 0.00 0.00
416.0 670.0 0.00 0.00
382.0 704.0 0.00 0.00
522.0 668.0 0.00 0.00
241.0 862.0 0.00 0.00
495.0 950.0 0.00 0.00
1310.0 880.0 0.00 0.00
406.0 525.0 0.00 0.00
350.0 542.0 0.00 0.00
520.0 755.0 0.00 0.00
784.0 672.0 0.00 0.00
1596.0 453.0 0.00 0.00
1165.0 825.0 0.00 0.00
637.0 941.0 0.00 0.00
512.0 898.0 0.00 0.00
56.0 588.0 0.00 0.00
1186.0 624.0 0.00 0.00
1201.0 687.0 0.00 0.00
1555.0 773.0 0.00 0.00
1494.0 601.0 0.00 0.00
155.0 493.0 0.00 0.00
1547.0 489.0 0.00 0.00
334.0 488.0 0.00 0.00
961.0 669.0 0.00 0.00
1699.0 403.0 0.00 0.00
1270.0 690.0 0.00 0.00
1775.0 439.0 0.00 0.00
1504.0 719.0 0.00 0.00
1328.0 982.0 0.00 0.00
1654.0 426.0 0.00 0.00
518.0 780.0 0.00 0.00
473.0 682.0 0.00 0.00
1499.0 529.0 0.00 0.00
838.0 883.0 0.00 0.00
208.0 380.0 0.00 0.00
1494.0 713.0 0.00 0.00
250.0 466.0 0.00 0.00
1109.0 691.0 0.00 0.00
863.0 900.0 0.00 0.00
470.0 441.0 0.00 0.00
1238.0 718.0 0.00 0.00
461.0 989.0 0.00 0.00
484.0 488.0 0.00 0.00
329.0 878.0 0.00 0.00
104.0 792.0 0.00 0.00
927.0 699.0 0.00 0.00
744.0 898.0 0.00 0.00
1690.0 406.0 0.00 0.00
131.0 441.0 0.00 0.00
210.0 414.0 0.00 0.00
1006.0 714.0 0.00 0.00
980.0 685.0 0.00 0.00
541.0 886.0 0.00 0.00
863.0 716.0 0.00 0.00
164.0 578.0 0.00 0.00
552.0 935.0 0.00 0.00
520.0 716.0 0.00 0.00
721.0 669.0 0.00 0.00
261.0 808.0 0.00 0.00
706.0 856.0 0.00 0.00
235.0 809.0 0.00 0.00
83.0 663.0 0.00 0.00
1150.0 891.0 0.00 0.00
529.0 781.0 0.00 0.00
1543.0 528.0 0.00 0.00
603.0 802.0 0.00 0.00
1559.0 468.0 0.00 0.00
1564.0 508.0 0.00 0.00
746.0 934.0 0.00 0.00
471.0 727.0 0.00 0.00
769.0 741.0 0.00 0.00
475.0 644.0 0.00 0.00
1641.0 458.0 0.00 0.00
1698.0 413.0 0.00 0.00
1276.0 356.0 0.00 0.00
863.0 966.0 0.00 0.00
358.0 736.0 0.00 0.00
716.0 875.0 0.00 0.00
1595.0 444.0 0.00 0.00
732.0 947.0 0.00 0.00
1301.0 866.0 0.00 0.00
1525.0 501.0 0.00 0.00
594.0 735.0 0.00 0.00
1466.0 637.0 0.00 0.00
680.0 889.0 0.00 0.00
1152.0 972.0 0.00 0.00
514.0 851.0 0.00 0.00
1176.0 960.0 0.00 0.00
350.0 808.0 0.00 0.00
379.0 789.0 0.00 0.00
1592.0 469.0 0.00 0.00
1464.0 587.0 0.00 0.00
134.0 364.0 0.00 0.00
1470.0 683.0 0.00 0.00
658.0 713.0 0.00 0.00
1250.0 788.0 0.00 0.00
1715.0 421.0 0.00 0.00
232.0 963.0 0.00 0.00
797.0 830.0 0.00 0.00
276.0 830.0 0.00 0.00
867.0 648.0 0.00 0.00
1505.0 681.0 0.00 0.00
1429.0 292.0 0.00 0.00
446.0 682.0 0.00 0.00
80.0 524.0 0.00 0.00
722.0 887.0 0.00 0.00
125.0 581.0 0.00 0.00
469.0 509.0 0.00 0.00
1734.0 431.0 0.00 0.00
1716.0 665.0 0.00 0.00
58.0 700.0 0.00 0.00
816.0 934.0 0.00 0.00
1468.0 711.0 0.00 0.00
450.0 872.0 0.00 0.00
513.0 862.0 0.00 0.00
1785.0 413.0 0.00 0.00
803.0 616.0 0.00 0.00
830.0 628.0 0.00 0.00
391.0 453.0 0.00 0.00
583.0 824.0 0.00 0.00
1278.0 645.0 0.00 0.00
55.0 728.0 0.00 0.00
976.0 939.0 0.00 0.00
733.0 899.0 0.00 0.00
1722.0 740.0 0.00 0.00
410.0 550.0 0.00 0.00
685.0 714.0 0.00 0.00
312.0 522.0 0.00 0.00
1708.0 401.0 0.00 0.00
1528.0 431.0 0.00 0.00
570.0 853.0 0.00 0.00
1651.0 846.0 0.00 0.00
1554.0 708.0 0.00 0.00
826.0 715.0 0.00 0.00
756.0 897.0 0.00 0.00
1126.0 766.0 0.00 0.00
1214.0 647.0 0.00 0.00
1430.0 770.0 0.00 0.00
551.0 961.0 0.00 0.00
777.0 922.0 0.00 0.00
670.0 725.0 0.00 0.00
556.0 748.0 0.00 0.00
477.0 588.0 0.00 0.00
1489.0 927.0 0.00 0.00
20.0 937.0 0.00 0.00
71.0 994.0 0.00 0.00
188.0 477.0 0.00 0.00
1627.0 951.0 0.00 0.00
1600.0 510.0 0.00 0.00
1504.0 556.0 0.00 0.00
212.0 861.0 0.00 0.00
129.0 922.0 0.00 0.00
212.0 847.0 0.00 0.00
548.0 795.0 0.00 0.00
1542.0 585.0 0.00 0.00
603.0 613.0 0.00 0.00
1092.0 953.0 0.00 0.00
838.0 841.0 0.00 0.00
400.0 607.0 0.00 0.00
1736.0 455.0 0.00 0.00
1267.0 677.0 0.00 0.00
317.0 433.0 0.00 0.00
1102.0 735.0 0.00 0.00
729.0 688.0 0.00 0.00
1477.0 955.0 0.00 0.00
1480.0 771.0 0.00 0.00
796.0 910.0 0.00 0.00
1597.0 703.0 0.00 0.00
1001.0 648.0 0.00 0.00
1168.0 883.0 0.00 0.00
494.0 597.0 0.00 0.00
259.0 846.0 0.00 0.00
862.0 917.0 0.00 0.00
49.0 305.0 0.00 0.00
1749.0 439.0 0.00 0.00
1281.0 734.0 0.00 0.00
1482.0 556.0 0.00 0.00
298.0 413.0 0.00 0.00
422.0 902.0 0.00 0.00
1488.0 983.0 0.00 0.00
109.0 433.0 0.00 0.00
946.0 810.0 0.00 0.00
419.0 529.0 0.00 0.00
81.0 411.0 0.00 0.00
1561.0 477.0 0.00 0.00
1150.0 854.0 0.00 0.00
262.0 413.0 0.00 0.00
1629.0 961.0 0.00 0.00
1229.0 808.0 0.00 0.00
44.0 566.0 0.00 0.00
464.0 909.0 0.00 0.00
1645.0 429.0 0.00 0.00
1734.0 405.0 0.00 0.00
1438.0 665.0 0.00 0.00
205.0 806.0 0.00 0.00
1718.0 749.0 0.00 0.00
1505.0 772.0 0.00 0.00
1255.0 749.0 0.00 0.00
883.0 646.0 0.00 0.00
51.0 974.0 0.00 0.00
685.0 981.0 0.00 0.00
1614.0 472.0 0.00 0.00
470.0 761.0 0.00 0.00
1768.0 427.0 0.00 0.00
1093.0 986.0 0.00 0.00
462.0 681.0 0.00 0.00
445.0 487.0 0.00 0.00
1330.0 297.0 0.00 0.00
839.0 898.0 0.00 0.00
285.0 595.0 0.00 0.00
187.0 896.0 0.00 0.00
1500.0 662.0 0.00 0.00
405.0 734.0 0.00 0.00
1279.0 409.0 0.00 0.00
538.0 677.0 0.00 0.00
903.0 645.0 0.00 0.00
764.0 921.0 0.00 0.00
187.0 964.0 0.00 0.00
1454.0 753.0 0.00 0.00
1477.0 564.0 0.00 0.00
207.0 753.0 0.00 0.00
488.0 897.0 0.00 0.00
906.0 914.0 0.00 0.00
1230.0 793.0 0.00 0.00
80.0 879.0 0.00 0.00
553.0 897.0 0.00 0.00
839.0 742.0 0.00 0.00
1529.0 589.0 0.00 0.00
937.0 928.0 0.00 0.00
1036.0 797.0 0.00 0.00
332.0 962.0 0.00 0.00
330.0 440.0 0.00 0.00
1588.0 951.0 0.00 0.00
131.0 523.0 0.00 0.00
364.0 862.0 0.00 0.00
301.0 879.0 0.00 0.00
1008.0 658.0 0.00 0.00
288.0 461.0 0.00 0.00
788.0 923.0 0.00 0.00
1036.0 816.0 0.00 0.00
417.0 610.0 0.00 0.00
28.0 717.0 0.00 0.00
573.0 845.0 0.00 0.00
133.0 598.0 0.00 0.00
289.0 430.0 0.00 0.00
485.0 950.0 0.00 0.00
190.0 363.0 0.00 0.00
1750.0 415.0 0.00 0.00
537.0 796.0 0.00 0.00
1084.0 663.0 0.00 0.00
124.0 376.0 0.00 0.00
754.0 834.0 0.00 0.00
912.0 797.0 0.00 0.00
838.0 800.0 0.00 0.00
525.0 886.0 0.00 0.00
1276.0 332.0 0.00 0.00
803.0 667.0 0.00 0.00
1508.0 575.0 0.00 0.00
335.0 593.0 0.00 0.00
506.0 751.0 0.00 0.00
722.0 945.0 0.00 0.00
1767.0 452.0 0.00 0.00
712.0 845.0 0.00 0.00
1040.0 669.0 0.00 0.00
188.0 385.0 0.00 0.00
479.0 883.0 0.00 0.00
1371.0 757.0 0.00 0.00
1106.0 724.0 0.00 0.00
1646.0 420.0 0.00 0.00
483.0 513.0 0.00 0.00
520.0 734.0 0.00 0.00
450.0 587.0 0.00 0.00
389.0 791.0 0.00 0.00
795.0 935.0 0.00 0.00
839.0 929.0 0.00 0.00
478.0 869.0 0.00 0.00
1544.0 481.0 0.00 0.00
1777.0 773.0 0.00 0.00
850.0 671.0 0.00 0.00
1219.0 842.0 0.00 0.00
453.0 719.0 0.00 0.00
169.0 796.0 0.00 0.00
315.0 878.0 0.00 0.00
782.0 767.0 0.00 0.00
89.0 525.0 0.00 0.00
1482.0 628.0 0.00 0.00
206.0 360.0 0.00 0.00
844.0 600.0 0.00 0.00
1785.0 392.0 0.00 0.00
216.0 774.0 0.00 0.00
1201.0 623.0 0.00 0.00
1128.0 638.0 0.00 0.00
1038.0 782.0 0.00 0.00
490.0 762.0 0.00 0.00
644.0 870.0 0.00 0.00
1203.0 675.0 0.00 0.00
1601.0 644.0 0.00 0.00
77.0 636.0 0.00 0.00
1558.0 674.0 0.00 0.00
1266.0 964.0 0.00 0.00
238.0 577.0 0.00 0.00
692.0 968.0 0.00 0.00
953.0 826.0 0.00 0.00
242.0 879.0 0.00 0.00
1048.0 828.0 0.00 0.00
487.0 937.0 0.00 0.00
1736.0 396.0 0.00 0.00
41.0 678.0 0.00 0.00
527.0 807.0 0.00 0.00
1292.0 671.0 0.00 0.00
1765.0 393.0 0.00 0.00
1490.0 583.0 0.00 0.00
648.0 668.0 0.00 0.00
457.0 607.0 0.00 0.00
561.0 676.0 0.00 0.00
1213.0 633.0 0.00 0.00
301.0 860.0 0.00 0.00
1720.0 652.0 0.00 0.00
1487.0 867.0 0.00 0.00
421.0 922.0 0.00 0.00
33.0 480.0 0.00 0.00
839.0 832.0 0.00 0.00
1264.0 823.0 0.00 0.00
167.0 449.0 0.00 0.00
523.0 897.0 0.00 0.00
1655.0 417.0 0.00 0.00
1054.0 689.0 0.00 0.00
864.0 868.0 0.00 0.00
37.0 789.0 0.00 0.00
758.0 778.0 0.00 0.00
863.0 815.0 0.00 0.00
464.0 642.0 0.00 0.00
246.0 451.0 0.00 0.00
686.0 694.0 0.00 0.00
91.0 791.0 0.00 0.00
415.0 977.0 0.00 0.00
918.0 883.0 0.00 0.00
1681.0 408.0 0.00 0.00
513.0 872.0 0.00 0.00
1262.0 790.0 0.00 0.00
1046.0 974.0 0.00 0.00
1530.0 773.0 0.00 0.00
1016.0 704.0 0.00 0.00
66.0 708.0 0.00 0.00
332.0 808.0 0.00 0.00
786.0 610.0 0.00 0.00
404.0 747.0 0.00 0.00
1620.0 440.0 0.00 0.00
115.0 350.0 0.00 0.00
1659.0 749.0 0.00 0.00
554.0 908.0 0.00 0.00
95.0 393.0 0.00 0.00
570.0 815.0 0.00 0.00
1759.0 601.0 0.00 0.00
1254.0 722.0 0.00 0.00
1673.0 411.0 0.00 0.00
1151.0 921.0 0.00 0.00
302.0 434.0 0.00 0.00
1005.0 696.0 0.00 0.00
1445.0 634.0 0.00 0.00
1346.0 568.0 0.00 0.00
578.0 834.0 0.00 0.00
468.0 815.0 0.00 0.00
1259.0 619.0 0.00 0.00
1627.0 927.0 0.00 0.00
439.0 566.0 0.00 0.00
291.0 848.0 0.00 0.00
565.0 885.0 0.00 0.00
1103.0 779.0 0.00 0.00
517.0 828.0 0.00 0.00
784.0 789.0 0.00 0.00
529.0 828.0 0.00 0.00
214.0 792.0 0.00 0.00
228.0 793.0 0.00 0.00
1501.0 613.0 0.00 0.00
1308.0 913.0 0.00 0.00
863.0 930.0 0.00 0.00
1709.0 251.0 0.00 0.00
1324.0 887.0 0.00 0.00
290.0 830.0 0.00 0.00
463.0 951.0 0.00 0.00
1673.0 302.0 0.00 0.00
1155.0 691.0 0.00 0.00
1325.0 310.0 0.00 0.00
315.0 937.0 0.00 0.00
700.0 819.0 0.00 0.00
798.0 852.0 0.00 0.00
87.0 835.0 0.00 0.00
1775.0 393.0 0.00 0.00
1357.0 981.0 0.00 0.00
1116.0 631.0 0.00 0.00
1056.0 768.0 0.00 0.00
1270.0 312.0 0.00 0.00
911.0 813.0 0.00 0.00
191.0 828.0 0.00 0.00
1146.0 684.0 0.00 0.00
937.0 784.0 0.00 0.00
1460.0 595.0 0.00 0.00
463.0 662.0 0.00 0.00
121.0 597.0 0.00 0.00
557.0 737.0 0.00 0.00
416.0 945.0 0.00 0.00
931.0 911.0 0.00 0.00
521.0 655.0 0.00 0.00
1551.0 745.0 0.00 0.00
592.0 842.0 0.00 0.00
654.0 616.0 0.00 0.00
939.0 825.0 0.00 0.00
909.0 787.0 0.00 0.00
652.0 912.0 0.00 0.00
391.0 777.0 0.00 0.00
1096.0 756.0 0.00 0.00
365.0 704.0 0.00 0.00
661.0 823.0 0.00 0.00
744.0 886.0 0.00 0.00
1212.0 742.0 0.00 0.00
195.0 583.0 0.00 0.00
192.0 405.0 0.00 0.00
30.0 588.0 0.00 0.00
38.0 730.0 0.00 0.00
1497.0 870.0 0.00 0.00
1526.0 509.0 0.00 0.00
1514.0 983.0 0.00 0.00
709.0 832.0 0.00 0.00
123.0 398.0 0.00 0.00
1141.0 668.0 0.00 0.00
1254.0 776.0 0.00 0.00
1114.0 780.0 0.00 0.00
550.0 669.0 0.00 0.00
485.0 477.0 0.00 0.00
1091.0 891.0 0.00 0.00
1272.0 912.0 0.00 0.00
608.0 685.0 0.00 0.00
30.0 642.0 0.00 0.00
1535.0 848.0 0.00 0.00
923.0 927.0 0.00 0.00
1161.0 774.0 0.00 0.00
203.0 441.0 0.00 0.00
1648.0 783.0 0.00 0.00
30.0 551.0 0.00 0.00
1520.0 515.0 0.00 0.00
455.0 472.0 0.00 0.00
513.0 884.0 0.00 0.00
407.0 719.0 0.00 0.00
1297.0 350.0 0.00 0.00
713.0 970.0 0.00 0.00
955.0 968.0 0.00 0.00
1163.0 919.0 0.00 0.00
980.0 698.0 0.00 0.00
1541.0 546.0 0.00 0.00
461.0 695.0 0.00 0.00
1599.0 882.0 0.00 0.00
1580.0 454.0 0.00 0.00
825.0 757.0 0.00 0.00
426.0 775.0 0.00 0.00
504.0 763.0 0.00 0.00
714.0 898.0 0.00 0.00
1335.0 971.0 0.00 0.00
470.0 775.0 0.00 0.00
1313.0 931.0 0.00 0.00
270.0 774.0 0.00 0.00
538.0 962.0 0.00 0.00
106.0 405.0 0.00 0.00
1378.0 800.0 0.00 0.00
1371.0 769.0 0.00 0.00
961.0 895.0 0.00 0.00
112.0 835.0 0.00 0.00
129.0 513.0 0.00 0.00
298.0 775.0 0.00 0.00
1576.0 926.0 0.00 0.00
551.0 707.0 0.00 0.00
223.0 880.0 0.00 0.00
428.0 693.0 0.00 0.00
192.0 686.0 0.00 0.00
456.0 833.0 0.00 0.00
116.0 360.0 0.00 0.00
1703.0 748.0 0.00 0.00
1098.0 660.0 0.00 0.00
1699.0 652.0 0.00 0.00
874.0 700.0 0.00 0.00
343.0 444.0 0.00 0.00
600.0 938.0 0.00 0.00
919.0 956.0 0.00 0.00
1625.0 901.0 0.00 0.00
1504.0 535.0 0.00 0.00
962.0 818.0 0.00 0.00
1091.0 914.0 0.00 0.00
388.0 958.0 0.00 0.00
354.0 478.0 0.00 0.00
1175.0 647.0 0.00 0.00
598.0 948.0 0.00 0.00
344.0 739.0 0.00 0.00
72.0 729.0 0.00 0.00
826.0 886.0 0.00 0.00
686.0 680.0 0.00 0.00
1028.0 653.0 0.00 0.00
466.0 871.0 0.00 0.00
300.0 485.0 0.00 0.00
456.0 451.0 0.00 0.00
988.0 941.0 0.00 0.00
1237.0 762.0 0.00 0.00
342.0 777.0 0.00 0.00
842.0 680.0 0.00 0.00
66.0 677.0 0.00 0.00
187.0 880.0 0.00 0.00
842.0 821.0 0.00 0.00
1295.0 642.0 0.00 0.00
1305.0 732.0 0.00 0.00
698.0 714.0 0.00 0.00
734.0 610.0 0.00 0.00
403.0 762.0 0.00 0.00
1705.0 461.0 0.00 0.00
1379.0 819.0 0.00 0.00
726.0 618.0 0.00 0.00
344.0 910.0 0.00 0.00
364.0 1174.0 0.00 0.00
757.0 697.0 0.00 0.00
1568.0 801.0 0.00 0.00
1163.0 956.0 0.00 0.00
1653.0 857.0 0.00 0.00
100.0 879.0 0.00 0.00
976.0 845.0 0.00 0.00
1543.0 568.0 0.00 0.00
777.0 873.0 0.00 0.00
19.0 622.0 0.00 0.00
1417.0 560.0 0.00 0.00
173.0 518.0 0.00 0.00
663.0 680.0 0.00 0.00
432.0 490.0 0.00 0.00
140.0 495.0 0.00 0.00
666.0 665.0 0.00 0.00
291.0 879.0 0.00 0.00
1680.0 654.0 0.00 0.00
358.0 758.0 0.00 0.00
302.0 897.0 0.00 0.00
1385.0 291.0 0.00 0.00
96.0 707.0 0.00 0.00
423.0 550.0 0.00 0.00
1597.0 916.0 0.00 0.00
1651.0 835.0 0.00 0.00
728.0 824.0 0.00 0.00
1442.0 650.0 0.00 0.00
653.0 940.0 0.00 0.00
478.0 924.0 0.00 0.00
780.0 935.0 0.00 0.00
257.0 428.0 0.00 0.00
1251.0 931.0 0.00 0.00
1560.0 546.0 0.00 0.00
979.0 667.0 0.00 0.00
1637.0 432.0 0.00 0.00
511.0 922.0 0.00 0.00
696.0 981.0 0.00 0.00
874.0 829.0 0.00 0.00
502.0 863.0 0.00 0.00
1175.0 991.0 0.00 0.00
803.0 600.0 0.00 0.00
1574.0 754.0 0.00 0.00
1163.0 626.0 0.00 0.00
621.0 821.0 0.00 0.00
980.0 756.0 0.00 0.00
1494.0 536.0 0.00 0.00
303.0 808.0 0.00 0.00
231.0 845.0 0.00 0.00
732.0 933.0 0.00 0.00
1629.0 436.0 0.00 0.00
1459.0 962.0 0.00 0.00
1438.0 675.0 0.00 0.00
242.0 740.0 0.00 0.00
1345.0 680.0 0.00 0.00
723.0 899.0 0.00 0.00
1385.0 900.0 0.00 0.00
1149.0 824.0 0.00 0.00
1701.0 437.0 0.00 0.00
1524.0 550.0 0.00 0.00
526.0 584.0 0.00 0.00
455.0 481.0 0.00 0.00
146.0 560.0 0.00 0.00
431.0 660.0 0.00 0.00
103.0 594.0 0.00 0.00
845.0 615.0 0.00 0.00
412.0 597.0 0.00 0.00
794.0 963.0 0.00 0.00
1288.0 763.0 0.00 0.00
1518.0 635.0 0.00 0.00
195.0 436.0 0.00 0.00
1041.0 763.0 0.00 0.00
1650.0 480.0 0.00 0.00
1265.0 653.0 0.00 0.00
503.0 777.0 0.00 0.00
1295.0 305.0 0.00 0.00
704.0 933.0 0.00 0.00
1287.0 713.0 0.00 0.00
482.0 532.0 0.00 0.00
1759.0 440.0 0.00 0.00
824.0 782.0 0.00 0.00
793.0 984.0 0.00 0.00
20.0 789.0 0.00 0.00
868.0 797.0 0.00 0.00
654.0 981.0 0.00 0.00
469.0 492.0 0.00 0.00
1382.0 651.0 0.00 0.00
897.0 883.0 0.00 0.00
1215.0 991.0 0.00 0.00
504.0 825.0 0.00 0.00
979.0 709.0 0.00 0.00
74.0 772.0 0.00 0.00
768.0 787.0 0.00 0.00
380.0 588.0 0.00 0.00
66.0 651.0 0.00 0.00
337.0 709.0 0.00 0.00
1336.0 951.0 0.00 0.00
9.0 387.0 0.00 0.00
538.0 935.0 0.00 0.00
1505.0 521.0 0.00 0.00
1655.0 890.0 0.00 0.00
1537.0 726.0 0.00 0.00
1535.0 974.0 0.00 0.00
1679.0 711.0 0.00 0.00
191.0 806.0 0.00 0.00
807.0 831.0 0.00 0.00
1022.0 636.0 0.00 0.00
1264.0 727.0 0.00 0.00
842.0 627.0 0.00 0.00
1589.0 458.0 0.00 0.00
1704.0 733.0 0.00 0.00
1738.0 664.0 0.00 0.00
347.0 588.0 0.00 0.00
279.0 939.0 0.00 0.00
1226.0 621.0 0.00 0.00
1468.0 578.0 0.00 0.00
289.0 861.0 0.00 0.00
1052.0 640.0 0.00 0.00
187.0 739.0 0.00 0.00
576.0 909.0 0.00 0.00
1391.0 952.0 0.00 0.00
1513.0 901.0 0.00 0.00
1701.0 711.0 0.00 0.00
41.0 713.0 0.00 0.00
1505.0 962.0 0.00 0.00
1609.0 903.0 0.00 0.00
273.0 425.0 0.00 0.00
857.0 854.0 0.00 0.00
509.0 935.0 0.00 0.00
1499.0 913.0 0.00 0.00
983.0 787.0 0.00 0.00
1518.0 507.0 0.00 0.00
194.0 762.0 0.00 0.00
1055.0 783.0 0.00 0.00
388.0 619.0 0.00 0.00
1293.0 915.0 0.00 0.00
511.0 951.0 0.00 0.00
297.0 758.0 0.00 0.00
1462.0 723.0 0.00 0.00
1507.0 673.0 0.00 0.00
407.0 776.0 0.00 0.00
1457.0 604.0 0.00 0.00
1624.0 493.0 0.00 0.00
1511.0 514.0 0.00 0.00
1234.0 675.0 0.00 0.00
1156.0 641.0 0.00 0.00
1084.0 755.0 0.00 0.00
247.0 940.0 0.00 0.00
1191.0 975.0 0.00 0.00
261.0 959.0 0.00 0.00
936.0 752.0 0.00 0.00
1605.0 448.0 0.00 0.00
216.0 809.0 0.00 0.00
252.0 399.0 0.00 0.00
938.0 740.0 0.00 0.00
1455.0 632.0 0.00 0.00
331.0 472.0 0.00 0.00
449.0 856.0 0.00 0.00
258.0 476.0 0.00 0.00
965.0 682.0 0.00 0.00
842.0 707.0 0.00 0.00
1430.0 752.0 0.00 0.00
765.0 864.0 0.00 0.00
526.0 597.0 0.00 0.00
1250.0 681.0 0.00 0.00
1289.0 651.0 0.00 0.00
431.0 584.0 0.00 0.00
1653.0 868.0 0.00 0.00
544.0 734.0 0.00 0.00
874.0 865.0 0.00 0.00
1049.0 955.0 0.00 0.00
1177.0 742.0 0.00 0.00
85.0 690.0 0.00 0.00
1345.0 996.0 0.00 0.00
839.0 726.0 0.00 0.00
244.0 423.0 0.00 0.00
470.0 478.0 0.00 0.00
1473.0 571.0 0.00 0.00
347.0 497.0 0.00 0.00
1051.0 649.0 0.00 0.00
378.0 458.0 0.00 0.00
432.0 640.0 0.00 0.00
446.0 728.0 0.00 0.00
1263.0 702.0 0.00 0.00
346.0 863.0 0.00 0.00
1236.0 685.0 0.00 0.00
1191.0 947.0 0.00 0.00
983.0 969.0 0.00 0.00
680.0 869.0 0.00 0.00
705.0 909.0 0.00 0.00
501.0 797.0 0.00 0.00
1201.0 871.0 0.00 0.00
135.0 735.0 0.00 0.00
1253.0 763.0 0.00 0.00
474.0 951.0 0.00 0.00
522.0 705.0 0.00 0.00
379.0 688.0 0.00 0.00
827.0 706.0 0.00 0.00
1294.0 775.0 0.00 0.00
467.0 586.0 0.00 0.00
101.0 834.0 0.00 0.00
36.0 664.0 0.00 0.00
559.0 841.0 0.00 0.00
137.0 582.0 0.00 0.00
83.0 426.0 0.00 0.00
797.0 842.0 0.00 0.00
257.0 897.0 0.00 0.00
1559.0 526.0 0.00 0.00
247.0 727.0 0.00 0.00
1516.0 613.0 0.00 0.00
242.0 755.0 0.00 0.00
1316.0 410.0 0.00 0.00
225.0 808.0 0.00 0.00
328.0 916.0 0.00 0.00
995.0 655.0 0.00 0.00
356.0 608.0 0.00 0.00
1665.0 258.0 0.00 0.00
1076.0 648.0 0.00 0.00
787.0 798.0 0.00 0.00
797.0 898.0 0.00 0.00
867.0 749.0 0.00 0.00
1293.0 993.0 0.00 0.00
666.0 642.0 0.00 0.00
1740.0 627.0 0.00 0.00
285.0 519.0 0.00 0.00
56.0 399.0 0.00 0.00
1231.0 992.0 0.00 0.00
319.0 456.0 0.00 0.00
608.0 670.0 0.00 0.00
371.0 760.0 0.00 0.00
678.0 939.0 0.00 0.00
189.0 596.0 0.00 0.00
841.0 663.0 0.00 0.00
1467.0 672.0 0.00 0.00
399.0 935.0 0.00 0.00
1564.0 375.0 0.00 0.00
68.0 879.0 0.00 0.00
1324.0 643.0 0.00 0.00
1598.0 963.0 0.00 0.00
396.0 852.0 0.00 0.00
1675.0 356.0 0.00 0.00
1068.0 855.0 0.00 0.00
19.0 539.0 0.00 0.00
501.0 637.0 0.00 0.00
270.0 456.0 0.00 0.00
926.0 787.0 0.00 0.00
468.0 795.0 0.00 0.00
71.0 835.0 0.00 0.00
977.0 745.0 0.00 0.00
260.0 939.0 0.00 0.00
1280.0 747.0 0.00 0.00
529.0 873.0 0.00 0.00
629.0 687.0 0.00 0.00
705.0 898.0 0.00 0.00
905.0 929.0 0.00 0.00
826.0 736.0 0.00 0.00
116.0 552.0 0.00 0.00
201.0 569.0 0.00 0.00
1452.0 742.0 0.00 0.00
818.0 807.0 0.00 0.00
16.0 406.0 0.00 0.00
366.0 529.0 0.00 0.00
816.0 626.0 0.00 0.00
60.0 426.0 0.00 0.00
1255.0 945.0 0.00 0.00
798.0 786.0 0.00 0.00
176.0 563.0 0.00 0.00
824.0 601.0 0.00 0.00
11.0 655.0 0.00 0.00
361.0 600.0 0.00 0.00
105.0 669.0 0.00 0.00
1272.0 776.0 0.00 0.00
536.0 807.0 0.00 0.00
744.0 922.0 0.00 0.00
52.0 544.0 0.00 0.00
15.0 328.0 0.00 0.00
813.0 855.0 0.00 0.00
1167.0 854.0 0.00 0.00
1362.0 414.0 0.00 0.00
799.0 753.0 0.00 0.00
1278.0 663.0 0.00 0.00
495.0 479.0 0.00 0.00
912.0 851.0 0.00 0.00
1105.0 631.0 0.00 0.00
732.0 886.0 0.00 0.00
1585.0 927.0 0.00 0.00
148.0 605.0 0.00 0.00
188.0 608.0 0.00 0.00
258.0 879.0 0.00 0.00
738.0 765.0 0.00 0.00
221.0 917.0 0.00 0.00
1313.0 384.0 0.00 0.00
927.0 796.0 0.00 0.00
259.0 862.0 0.00 0.00
171.0 593.0 0.00 0.00
511.0 909.0 0.00 0.00
1295.0 945.0 0.00 0.00
1319.0 731.0 0.00 0.00
1716.0 408.0 0.00 0.00
281.0 774.0 0.00 0.00
732.0 922.0 0.00 0.00
996.0 805.0 0.00 0.00
828.0 692.0 0.00 0.00
1164.0 944.0 0.00 0.00
520.0 746.0 0.00 0.00
1048.0 987.0 0.00 0.00
450.0 1187.0 0.00 0.00
392.0 694.0 0.00 0.00
1569.0 472.0 0.00 0.00
914.0 727.0 0.00 0.00
1282.0 477.0 0.00 0.00
314.0 896.0 0.00 0.00
1495.0 687.0 0.00 0.00
661.0 902.0 0.00 0.00
91.0 503.0 0.00 0.00
78.0 923.0 0.00 0.00
368.0 667.0 0.00 0.00
844.0 645.0 0.00 0.00
1244.0 745.0 0.00 0.00
428.0 754.0 0.00 0.00
1456.0 770.0 0.00 0.00
1606.0 488.0 0.00 0.00
713.0 921.0 0.00 0.00
1284.0 947.0 0.00 0.00
925.0 898.0 0.00 0.00
1465.0 951.0 0.00 0.00
922.0 763.0 0.00 0.00
194.0 780.0 0.00 0.00
1549.0 275.0 0.00 0.00
389.0 507.0 0.00 0.00
1072.0 915.0 0.00 0.00
1575.0 914.0 0.00 0.00
1270.0 644.0 0.00 0.00
466.0 567.0 0.00 0.00
1715.0 445.0 0.00 0.00
1161.0 648.0 0.00 0.00
367.0 958.0 0.00 0.00
1289.0 342.0 0.00 0.00
1530.0 495.0 0.00 0.00
1642.0 963.0 0.00 0.00
152.0 715.0 0.00 0.00
344.0 878.0 0.00 0.00
443.0 702.0 0.00 0.00
1551.0 925.0 0.00 0.00
1421.0 588.0 0.00 0.00
88.0 605.0 0.00 0.00
461.0 977.0 0.00 0.00
228.0 978.0 0.00 0.00
618.0 901.0 0.00 0.00
1461.0 1000.0 0.00 0.00
139.0 649.0 0.00 0.00
11.0 599.0 0.00 0.00
1285.0 617.0 0.00 0.00
1664.0 997.0 0.00 0.00
301.0 830.0 0.00 0.00
1032.0 951.0 0.00 0.00
1774.0 589.0 0.00 0.00
790.0 809.0 0.00 0.00
554.0 885.0 0.00 0.00
319.0 596.0 0.00 0.00
221.0 937.0 0.00 0.00
304.0 937.0 0.00 0.00
1519.0 660.0 0.00 0.00
1324.0 617.0 0.00 0.00
1578.0 426.0 0.00 0.00
1560.0 973.0 0.00 0.00
748.0 673.0 0.00 0.00
1791.0 607.0 0.00 0.00
1467.0 601.0 0.00 0.00
1283.0 537.0 0.00 0.00
22.0 728.0 0.00 0.00
702.0 763.0 0.00 0.00
610.0 845.0 0.00 0.00
716.0 854.0 0.00 0.00
1020.0 987.0 0.00 0.00
1610.0 884.0 0.00 0.00
225.0 774.0 0.00 0.00
524.0 935.0 0.00 0.00
589.0 791.0 0.00 0.00
1542.0 982.0 0.00 0.00
842.0 956.0 0.00 0.00
46.0 340.0 0.00 0.00
1008.0 967.0 0.00 0.00
434.0 622.0 0.00 0.00
888.0 745.0 0.00 0.00
1006.0 704.0 0.00 0.00
663.0 940.0 0.00 0.00
1639.0 472.0 0.00 0.00
901.0 684.0 0.00 0.00
1072.0 804.0 0.00 0.00
338.0 607.0 0.00 0.00
1302.0 298.0 0.00 0.00
391.0 874.0 0.00 0.00
759.0 741.0 0.00 0.00
923.0 643.0 0.00 0.00
1771.0 750.0 0.00 0.00
1609.0 916.0 0.00 0.00
88.0 355.0 0.00 0.00
1257.0 646.0 0.00 0.00
1360.0 769.0 0.00 0.00
924.0 713.0 0.00 0.00
392.0 440.0 0.00 0.00
1764.0 291.0 0.00 0.00
988.0 670.0 0.00 0.00
807.0 875.0 0.00 0.00
292.0 809.0 0.00 0.00
24.0 769.0 0.00 0.00
1642.0 335.0 0.00 0.00
1092.0 766.0 0.00 0.00
201.0 880.0 0.00 0.00
79.0 586.0 0.00 0.00
1578.0 527.0 0.00 0.00
79.0 316.0 0.00 0.00
433.0 506.0 0.00 0.00
56.0 800.0 0.00 0.00
1423.0 907.0 0.00 0.00
1503.0 955.0 0.00 0.00
1007.0 846.0 0.00 0.00
954.0 733.0 0.00 0.00
1567.0 999.0 0.00 0.00
1014.0 896.0 0.00 0.00
513.0 985.0 0.00 0.00
10.0 370.0 0.00 0.00
225.0 754.0 0.00 0.00
751.0 875.0 0.00 0.00
109.0 421.0 0.00 0.00
778.0 981.0 0.00 0.00
1593.0 982.0 0.00 0.00
1517.0 1000.0 0.00 0.00
1729.0 445.0 0.00 0.00
409.0 690.0 0.00 0.00
926.0 731.0 0.00 0.00
876.0 803.0 0.00 0.00
415.0 961.0 0.00 0.00
248.0 490.0 0.00 0.00
144.0 1156.0 0.00 0.00
167.0 382.0 0.00 0.00
406.0 705.0 0.00 0.00
847.0 304.0 0.00 0.00
95.0 755.0 0.00 0.00
774.0 831.0 0.00 0.00
1676.0 469.0 0.00 0.00
1185.0 758.0 0.00 0.00
79.0 535.0 0.00 0.00
732.0 658.0 0.00 0.00
34.0 973.0 0.00 0.00
452.0 568.0 0.00 0.00
259.0 580.0 0.00 0.00
504.0 598.0 0.00 0.00
98.0 922.0 0.00 0.00
1350.0 416.0 0.00 0.00
30.0 996.0 0.00 0.00
966.0 709.0 0.00 0.00
1274.0 801.0 0.00 0.00
905.0 802.0 0.00 0.00
1490.0 1000.0 0.00 0.00
1318.0 866.0 0.00 0.00
62.0 951.0 0.00 0.00
199.0 645.0 0.00 0.00
1190.0 632.0 0.00 0.00
752.0 971.0 0.00 0.00
1540.0 495.0 0.00 0.00
621.0 712.0 0.00 0.00
314.0 773.0 0.00 0.00
205.0 910.0 0.00 0.00
331.0 979.0 0.00 0.00
1544.0 1187.0 0.00 0.00
1475.0 926.0 0.00 0.00
1244.0 912.0 0.00 0.00
1308.0 809.0 0.00 0.00
383.0 207.0 0.00 0.00
287.0 490.0 0.00 0.00
1071.0 955.0 0.00 0.00
813.0 776.0 0.00 0.00
1233.0 729.0 0.00 0.00
1052.0 671.0 0.00 0.00
352.0 527.0 0.00 0.00
1628.0 427.0 0.00 0.00
730.0 717.0 0.00 0.00
306.0 960.0 0.00 0.00
893.0 735.0 0.00 0.00
1539.0 999.0 0.00 0.00
1501.0 730.0 0.00 0.00
227.0 447.0 0.00 0.00
222.0 467.0 0.00 0.00
1039.0 651.0 0.00 0.00
1141.0 737.0 0.00 0.00
1287.0 326.0 0.00 0.00
851.0 759.0 0.00 0.00
108.0 720.0 0.00 0.00
1463.0 902.0 0.00 0.00
83.0 650.0 0.00 0.00
732.0 874.0 0.00 0.00
103.0 946.0 0.00 0.00
1283.0 850.0 0.00 0.00
1282.0 489.0 0.00 0.00
1509.0 594.0 0.00 0.00
420.0 619.0 0.00 0.00
25.0 750.0 0.00 0.00
61.0 507.0 0.00 0.00
1448.0 490.0 0.00 0.00
464.0 936.0 0.00 0.00
498.0 680.0 0.00 0.00
428.0 821.0 0.00 0.00
1504.0 690.0 0.00 0.00
430.0 743.0 0.00 0.00
1164.0 793.0 0.00 0.00
1185.0 783.0 0.00 0.00
1495.0 290.0 0.00 0.00
383.0 652.0 0.00 0.00
1581.0 507.0 0.00 0.00
715.0 773.0 0.00 0.00
924.0 824.0 0.00 0.00
420.0 565.0 0.00 0.00
1655.0 463.0 0.00 0.00
407.0 561.0 0.00 0.00
212.0 829.0 0.00 0.00
1403.0 288.0 0.00 0.00
898.0 857.0 0.00 0.00
827.0 679.0 0.00 0.00
338.0 416.0 0.00 0.00
1235.0 647.0 0.00 0.00
310.0 547.0 0.00 0.00
1127.0 646.0 0.00 0.00
1566.0 982.0 0.00 0.00
1560.0 726.0 0.00 0.00
1672.0 420.0 0.00 0.00
1219.0 696.0 0.00 0.00
487.0 813.0 0.00 0.00
1533.0 563.0 0.00 0.00
1019.0 877.0 0.00 0.00
1764.0 774.0 0.00 0.00
592.0 756.0 0.00 0.00
113.0 952.0 0.00 0.00
42.0 936.0 0.00 0.00
1051.0 795.0 0.00 0.00
1565.0 952.0 0.00 0.00
202.0 861.0 0.00 0.00
289.0 896.0 0.00 0.00
1434.0 693.0 0.00 0.00
1207.0 934.0 0.00 0.00
1770.0 615.0 0.00 0.00
444.0 794.0 0.00 0.00
393.0 664.0 0.00 0.00
557.0 984.0 0.00 0.00
38.0 690.0 0.00 0.00
1447.0 353.0 0.00 0.00
1460.0 616.0 0.00 0.00
1180.0 890.0 0.00 0.00
1451.0 619.0 0.00 0.00
1517.0 726.0 0.00 0.00
1742.0 745.0 0.00 0.00
1764.0 1190.0 0.00 0.00
386.0 976.0 0.00 0.00
366.0 482.0 0.00 0.00
732.0 970.0 0.00 0.00
1175.0 659.0 0.00 0.00
354.0 894.0 0.00 0.00
518.0 764.0 0.00 0.00
929.0 679.0 0.00 0.00
1573.0 459.0 0.00 0.00
206.0 549.0 0.00 0.00
1505.0 329.0 0.00 0.00
315.0 759.0 0.00 0.00
101.0 567.0 0.00 0.00
429.0 717.0 0.00 0.00
1523.0 569.0 0.00 0.00
252.0 918.0 0.00 0.00
384.0 630.0 0.00 0.00
1219.0 770.0 0.00 0.00
373.0 745.0 0.00 0.00
1285.0 584.0 0.00 0.00
1207.0 979.0 0.00 0.00
1123.0 783.0 0.00 0.00
1157.0 758.0 0.00 0.00
1542.0 950.0 0.00 0.00
1212.0 963.0 0.00 0.00
96.0 513.0 0.00 0.00
778.0 959.0 0.00 0.00
1722.0 249.0 0.00 0.00
619.0 683.0 0.00 0.00
132.0 836.0 0.00 0.00
952.0 885.0 0.00 0.00
485.0 803.0 0.00 0.00
1711.0 325.0 0.00 0.00
1207.0 891.0 0.00 0.00
1066.0 824.0 0.00 0.00
586.0 860.0 0.00 0.00
491.0 753.0 0.00 0.00
259.0 828.0 0.00 0.00
368.0 504.0 0.00 0.00
1028.0 873.0 0.00 0.00
931.0 836.0 0.00 0.00
785.0 968.0 0.00 0.00
1728.0 399.0 0.00 0.00
547.0 833.0 0.00 0.00
430.0 701.0 0.00 0.00
1113.0 735.0 0.00 0.00
159.0 604.0 0.00 0.00
1486.0 548.0 0.00 0.00
970.0 642.0 0.00 0.00
1163.0 974.0 0.00 0.00
1378.0 697.0 0.00 0.00
1275.0 723.0 0.00 0.00
1748.0 1182.0 0.00 0.00
29.0 336.0 0.00 0.00
199.0 424.0 0.00 0.00
808.0 865.0 0.00 0.00
328.0 510.0 0.00 0.00
182.0 680.0 0.00 0.00
228.0 500.0 0.00 0.00
357.0 686.0 0.00 0.00
1747.0 823.0 0.00 0.00
949.0 756.0 0.00 0.00
1658.0 763.0 0.00 0.00
882.0 869.0 0.00 0.00
560.0 650.0 0.00 0.00
696.0 659.0 0.00 0.00
396.0 485.0 0.00 0.00
552.0 805.0 0.00 0.00
1489.0 332.0 0.00 0.00
925.0 857.0 0.00 0.00
1303.0 831.0 0.00 0.00
1716.0 677.0 0.00 0.00
412.0 490.0 0.00 0.00
740.0 799.0 0.00 0.00
749.0 663.0 0.00 0.00
887.0 776.0 0.00 0.00
1553.0 755.0 0.00 0.00
623.0 911.0 0.00 0.00
301.0 846.0 0.00 0.00
1107.0 647.0 0.00 0.00
977.0 658.0 0.00 0.00
914.0 734.0 0.00 0.00
576.0 885.0 0.00 0.00
524.0 615.0 0.00 0.00
897.0 776.0 0.00 0.00
1305.0 661.0 0.00 0.00
1671.0 963.0 0.00 0.00
393.0 705.0 0.00 0.00
198.0 678.0 0.00 0.00
362.0 574.0 0.00 0.00
1029.0 693.0 0.00 0.00
568.0 735.0 0.00 0.00
1662.0 561.0 0.00 0.00
235.0 830.0 0.00 0.00
1267.0 711.0 0.00 0.00
1723.0 295.0 0.00 0.00
390.0 760.0 0.00 0.00
896.0 799.0 0.00 0.00
187.0 983.0 0.00 0.00
1062.0 804.0 0.00 0.00
1393.0 967.0 0.00 0.00
1644.0 998.0 0.00 0.00
1667.0 446.0 0.00 0.00
360.0 586.0 0.00 0.00
926.0 671.0 0.00 0.00
1552.0 962.0 0.00 0.00
433.0 470.0 0.00 0.00
1411.0 846.0 0.00 0.00
1780.0 401.0 0.00 0.00
550.0 951.0 0.00 0.00
1486.0 664.0 0.00 0.00
599.0 901.0 0.00 0.00
1654.0 682.0 0.00 0.00
1069.0 670.0 0.00 0.00
506.0 655.0 0.00 0.00
839.0 717.0 0.00 0.00
1526.0 638.0 0.00 0.00
691.0 948.0 0.00 0.00
1048.0 659.0 0.00 0.00
332.0 935.0 0.00 0.00
910.0 772.0 0.00 0.00
504.0 741.0 0.00 0.00
123.0 793.0 0.00 0.00
341.0 932.0 0.00 0.00
1583.0 1191.0 0.00 0.00
1244.0 633.0 0.00 0.00
1681.0 942.0 0.00 0.00
385.0 604.0 0.00 0.00
206.0 391.0 0.00 0.00
1204.0 665.0 0.00 0.00
657.0 648.0 0.00 0.00
1637.0 888.0 0.00 0.00
118.0 816.0 0.00 0.00
414.0 641.0 0.00 0.00
275.0 756.0 0.00 0.00
913.0 824.0 0.00 0.00
1186.0 832.0 0.00 0.00
1069.0 987.0 0.00 0.00
782.0 648.0 0.00 0.00
1699.0 686.0 0.00 0.00
1663.0 822.0 0.00 0.00
1405.0 726.0 0.00 0.00
757.0 673.0 0.00 0.00
1595.0 902.0 0.00 0.00
464.0 895.0 0.00 0.00
1323.0 631.0 0.00 0.00
245.0 775.0 0.00 0.00
974.0 807.0 0.00 0.00
344.0 759.0 0.00 0.00
304.0 582.0 0.00 0.00
1627.0 476.0 0.00 0.00
560.0 780.0 0.00 0.00
1733.0 634.0 0.00 0.00
1440.0 282.0 0.00 0.00
1470.0 846.0 0.00 0.00
88.0 537.0 0.00 0.00
1276.0 653.0 0.00 0.00
1245.0 981.0 0.00 0.00
255.0 744.0 0.00 0.00
42.0 1170.0 0.00 0.00
1014.0 831.0 0.00 0.00
1271.0 871.0 0.00 0.00
1016.0 652.0 0.00 0.00
1280.0 431.0 0.00 0.00
1192.0 903.0 0.00 0.00
1063.0 658.0 0.00 0.00
1074.0 661.0 0.00 0.00
702.0 970.0 0.00 0.00
1453.0 640.0 0.00 0.00
453.0 511.0 0.00 0.00
1235.0 945.0 0.00 0.00
1369.0 294.0 0.00 0.00
574.0 971.0 0.00 0.00
247.0 799.0 0.00 0.00
1172.0 872.0 0.00 0.00
1200.0 648.0 0.00 0.00
888.0 790.0 0.00 0.00
1614.0 751.0 0.00 0.00
1486.0 838.0 0.00 0.00
1512.0 870.0 0.00 0.00
1229.0 745.0 0.00 0.00
401.0 792.0 0.00 0.00
989.0 796.0 0.00 0.00
1151.0 944.0 0.00 0.00
361.0 910.0 0.00 0.00
1219.0 899.0 0.00 0.00
257.0 757.0 0.00 0.00
1176.0 790.0 0.00 0.00
1018.0 957.0 0.00 0.00
491.0 987.0 0.00 0.00
321.0 635.0 0.00 0.00
980.0 675.0 0.00 0.00
235.0 594.0 0.00 0.00
39.0 1117.0 0.00 0.00
357.0 880.0 0.00 0.00
1522.0 869.0 0.00 0.00
1210.0 879.0 0.00 0.00
77.0 753.0 0.00 0.00
1426.0 742.0 0.00 0.00
645.0 643.0 0.00 0.00
1499.0 743.0 0.00 0.00
1304.0 314.0 0.00 0.00
1624.0 1031.0 0.00 0.00
856.0 799.0 0.00 0.00
916.0 832.0 0.00 0.00
1482.0 570.0 0.00 0.00
1382.0 638.0 0.00 0.00
1405.0 575.0 0.00 0.00
1782.0 288.0 0.00 0.00
619.0 941.0 0.00 0.00
1451.0 953.0 0.00 0.00
1746.0 394.0 0.00 0.00
1640.0 953.0 0.00 0.00
1215.0 823.0 0.00 0.00
759.0 886.0 0.00 0.00
800.0 705.0 0.00 0.00
8.0 423.0 0.00 0.00
446.0 751.0 0.00 0.00
1511.0 849.0 0.00 0.00
1327.0 929.0 0.00 0.00
1422.0 765.0 0.00 0.00
1150.0 989.0 0.00 0.00
44.0 476.0 0.00 0.00
1575.0 673.0 0.00 0.00
1479.0 752.0 0.00 0.00
656.0 744.0 0.00 0.00
1767.0 1179.0 0.00 0.00
510.0 975.0 0.00 0.00
1658.0 952.0 0.00 0.00
1790.0 401.0 0.00 0.00
1439.0 951.0 0.00 0.00
34.0 835.0 0.00 0.00
13.0 569.0 0.00 0.00
552.0 872.0 0.00 0.00
751.0 630.0 0.00 0.00
692.0 850.0 0.00 0.00
1688.0 415.0 0.00 0.00
1504.0 702.0 0.00 0.00
278.0 613.0 0.00 0.00
193.0 448.0 0.00 0.00
346.0 575.0 0.00 0.00
152.0 921.0 0.00 0.00
1311.0 760.0 0.00 0.00
219.0 830.0 0.00 0.00
851.0 832.0 0.00 0.00
1049.0 852.0 0.00 0.00
836.0 981.0 0.00 0.00
1690.0 711.0 0.00 0.00
1557.0 500.0 0.00 0.00
1486.0 562.0 0.00 0.00
1638.0 594.0 0.00 0.00
170.0 745.0 0.00 0.00
390.0 551.0 0.00 0.00
1718.0 710.0 0.00 0.00
1554.0 337.0 0.00 0.00
1220.0 851.0 0.00 0.00
1480.0 276.0 0.00 0.00
473.0 702.0 0.00 0.00
34.0 937.0 0.00 0.00
1663.0 423.0 0.00 0.00
644.0 744.0 0.00 0.00
692.0 876.0 0.00 0.00
137.0 349.0 0.00 0.00
876.0 910.0 0.00 0.00
306.0 423.0 0.00 0.00
942.0 654.0 0.00 0.00
304.0 979.0 0.00 0.00
509.0 963.0 0.00 0.00
223.0 897.0 0.00 0.00
1270.0 901.0 0.00 0.00
1767.0 729.0 0.00 0.00
1020.0 671.0 0.00 0.00
1120.0 727.0 0.00 0.00
757.0 788.0 0.00 0.00
111.0 733.0 0.00 0.00
1361.0 402.0 0.00 0.00
1571.0 320.0 0.00 0.00
1003.0 673.0 0.00 0.00
1326.0 996.0 0.00 0.00
1754.0 244.0 0.00 0.00
1525.0 744.0 0.00 0.00
678.0 902.0 0.00 0.00
1269.0 937.0 0.00 0.00
692.0 903.0 0.00 0.00
1660.0 983.0 0.00 0.00
609.0 947.0 0.00 0.00
126.0 714.0 0.00 0.00
141.0 511.0 0.00 0.00
1127.0 264.0 0.00 0.00
919.0 775.0 0.00 0.00
137.0 416.0 0.00 0.00
491.0 965.0 0.00 0.00
129.0 336.0 0.00 0.00
424.0 848.0 0.00 0.00
109.0 511.0 0.00 0.00
210.0 978.0 0.00 0.00
639.0 861.0 0.00 0.00
1164.0 893.0 0.00 0.00
721.0 795.0 0.00 0.00
1040.0 719.0 0.00 0.00
56.0 320.0 0.00 0.00
274.0 978.0 0.00 0.00
269.0 521.0 0.00 0.00
1463.0 982.0 0.00 0.00
929.0 685.0 0.00 0.00
28.0 368.0 0.00 0.00
1265.0 751.0 0.00 0.00
1356.0 293.0 0.00 0.00
100.0 416.0 0.00 0.00
1509.0 528.0 0.00 0.00
1275.0 822.0 0.00 0.00
204.0 453.0 0.00 0.00
390.0 529.0 0.00 0.00
516.0 815.0 0.00 0.00
1770.0 691.0 0.00 0.00
992.0 826.0 0.00 0.00
952.0 687.0 0.00 0.00
1278.0 319.0 0.00 0.00
528.0 233.0 0.00 0.00
1681.0 995.0 0.00 0.00
639.0 912.0 0.00 0.00
947.0 943.0 0.00 0.00
1737.0 686.0 0.00 0.00
1560.0 849.0 0.00 0.00
1305.0 899.0 0.00 0.00
737.0 851.0 0.00 0.00
723.0 922.0 0.00 0.00
56.0 995.0 0.00 0.00
941.0 662.0 0.00 0.00
466.0 857.0 0.00 0.00
891.0 819.0 0.00 0.00
1189.0 693.0 0.00 0.00
1508.0 281.0 0.00 0.00
308.0 562.0 0.00 0.00
1043.0 885.0 0.00 0.00
260.0 1142.0 0.00 0.00
887.0 55.0 0.00 0.00
834.0 937.0 0.00 0.00
1078.0 795.0 0.00 0.00
13.0 636.0 0.00 0.00
760.0 851.0 0.00 0.00
272.0 472.0 0.00 0.00
784.0 694.0 0.00 0.00
909.0 720.0 0.00 0.00
1189.0 732.0 0.00 0.00
1528.0 754.0 0.00 0.00
972.0 908.0 0.00 0.00
366.0 721.0 0.00 0.00
67.0 561.0 0.00 0.00
718.0 807.0 0.00 0.00
514.0 839.0 0.00 0.00
1503.0 753.0 0.00 0.00
1250.0 709.0 0.00 0.00
725.0 862.0 0.00 0.00
766.0 609.0 0.00 0.00
752.0 982.0 0.00 0.00
1521.0 269.0 0.00 0.00
755.0 948.0 0.00 0.00
888.0 804.0 0.00 0.00
1213.0 760.0 0.00 0.00
691.0 940.0 0.00 0.00
1778.0 998.0 0.00 0.00
1573.0 870.0 0.00 0.00
205.0 671.0 0.00 0.00
193.0 463.0 0.00 0.00
354.0 959.0 0.00 0.00
190.0 949.0 0.00 0.00
1240.0 803.0 0.00 0.00
1486.0 878.0 0.00 0.00
1283.0 673.0 0.00 0.00
1189.0 650.0 0.00 0.00
957.0 909.0 0.00 0.00
1686.0 451.0 0.00 0.00
14.0 769.0 0.00 0.00
1303.0 851.0 0.00 0.00
54.0 748.0 0.00 0.00
1755.0 394.0 0.00 0.00
1564.0 917.0 0.00 0.00
1280.0 698.0 0.00 0.00
801.0 640.0 0.00 0.00
1535.0 501.0 0.00 0.00
1292.0 885.0 0.00 0.00
1385.0 847.0 0.00 0.00
1358.0 952.0 0.00 0.00
1402.0 879.0 0.00 0.00
783.0 720.0 0.00 0.00
227.0 576.0 0.00 0.00
1070.0 887.0 0.00 0.00
1046.0 916.0 0.00 0.00
377.0 442.0 0.00 0.00
497.0 924.0 0.00 0.00
31.0 301.0 0.00 0.00
147.0 839.0 0.00 0.00
29.0 928.0 0.00 0.00
1577.0 951.0 0.00 0.00
263.0 920.0 0.00 0.00
213.0 741.0 0.00 0.00
326.0 527.0 0.00 0.00
953.0 936.0 0.00 0.00
329.0 862.0 0.00 0.00
1651.0 824.0 0.00 0.00
939.0 843.0 0.00 0.00
17.0 355.0 0.00 0.00
1280.0 633.0 0.00 0.00
1083.0 688.0 0.00 0.00
452.0 644.0 0.00 0.00
188.0 849.0 0.00 0.00
959.0 808.0 0.00 0.00
824.0 766.0 0.00 0.00
276.0 878.0 0.00 0.00
748.0 816.0 0.00 0.00
1514.0 689.0 0.00 0.00
1673.0 832.0 0.00 0.00
1235.0 621.0 0.00 0.00
1247.0 736.0 0.00 0.00
930.0 885.0 0.00 0.00
1478.0 576.0 0.00 0.00
1215.0 1187.0 0.00 0.00
1667.0 902.0 0.00 0.00
1490.0 554.0 0.00 0.00
350.0 665.0 0.00 0.00
1007.0 638.0 0.00 0.00
162.0 589.0 0.00 0.00
1719.0 690.0 0.00 0.00
1456.0 972.0 0.00 0.00
367.0 848.0 0.00 0.00
390.0 945.0 0.00 0.00
1209.0 731.0 0.00 0.00
1331.0 745.0 0.00 0.00
1260.0 689.0 0.00 0.00
212.0 464.0 0.00 0.00
1474.0 585.0 0.00 0.00
1591.0 270.0 0.00 0.00
1082.0 636.0 0.00 0.00
734.0 861.0 0.00 0.00
1555.0 322.0 0.00 0.00
389.0 559.0 0.00 0.00
921.0 661.0 0.00 0.00
309.0 465.0 0.00 0.00
504.0 816.0 0.00 0.00
1563.0 350.0 0.00 0.00
356.0 492.0 0.00 0.00
393.0 734.0 0.00 0.00
1215.0 662.0 0.00 0.00
1778.0 516.0 0.00 0.00
48.0 787.0 0.00 0.00
400.0 842.0 0.00 0.00
1515.0 521.0 0.00 0.00
705.0 875.0 0.00 0.00
1678.0 762.0 0.00 0.00
904.0 1183.0 0.00 0.00
1292.0 632.0 0.00 0.00
424.0 469.0 0.00 0.00
860.0 983.0 0.00 0.00
56.0 381.0 0.00 0.00
498.0 872.0 0.00 0.00
1768.0 242.0 0.00 0.00
447.0 548.0 0.00 0.00
1266.0 835.0 0.00 0.00
1528.0 955.0 0.00 0.00
766.0 898.0 0.00 0.00
234.0 397.0 0.00 0.00
214.0 663.0 0.00 0.00
1784.0 227.0 0.00 0.00
311.0 536.0 0.00 0.00
1759.0 997.0 0.00 0.00
607.0 712.0 0.00 0.00
319.0 468.0 0.00 0.00
900.0 692.0 0.00 0.00
267.0 492.0 0.00 0.00
184.0 937.0 0.00 0.00
272.0 513.0 0.00 0.00
839.0 867.0 0.00 0.00
448.0 762.0 0.00 0.00
1390.0 397.0 0.00 0.00
181.0 706.0 0.00 0.00
1563.0 262.0 0.00 0.00
1140.0 803.0 0.00 0.00
1508.0 804.0 0.00 0.00
164.0 1178.0 0.00 0.00
255.0 611.0 0.00 0.00
1534.0 522.0 0.00 0.00
1272.0 737.0 0.00 0.00
904.0 984.0 0.00 0.00
963.0 699.0 0.00 0.00
850.0 655.0 0.00 0.00
1656.0 223.0 0.00 0.00
713.0 933.0 0.00 0.00
648.0 775.0 0.00 0.00
1332.0 807.0 0.00 0.00
1791.0 439.0 0.00 0.00
1436.0 847.0 0.00 0.00
937.0 774.0 0.00 0.00
1678.0 911.0 0.00 0.00
1374.0 743.0 0.00 0.00
1607.0 632.0 0.00 0.00
648.0 712.0 0.00 0.00
348.0 793.0 0.00 0.00
308.0 491.0 0.00 0.00
584.0 886.0 0.00 0.00
1641.0 983.0 0.00 0.00
733.0 909.0 0.00 0.00
819.0 666.0 0.00 0.00
612.0 982.0 0.00 0.00
745.0 838.0 0.00 0.00
362.0 564.0 0.00 0.00
1473.0 16.0 0.00 0.00
98.0 320.0 0.00 0.00
1522.0 849.0 0.00 0.00
1121.0 775.0 0.00 0.00
1135.0 629.0 0.00 0.00
1094.0 774.0 0.00 0.00
995.0 926.0 0.00 0.00
231.0 653.0 0.00 0.00
1437.0 684.0 0.00 0.00
227.0 487.0 0.00 0.00
1582.0 462.0 0.00 0.00
834.0 675.0 0.00 0.00
888.0 931.0 0.00 0.00
157.0 435.0 0.00 0.00
34.0 952.0 0.00 0.00
1488.0 646.0 0.00 0.00
11.0 935.0 0.00 0.00
263.0 344.0 0.00 0.00
1233.0 780.0 0.00 0.00
1694.0 241.0 0.00 0.00
708.0 814.0 0.00 0.00
1423.0 803.0 0.00 0.00
672.0 957.0 0.00 0.00
1238.0 668.0 0.00 0.00
1266.0 634.0 0.00 0.00
1256.0 896.0 0.00 0.00
361.0 937.0 0.00 0.00
297.0 443.0 0.00 0.00
123.0 570.0 0.00 0.00
388.0 539.0 0.00 0.00
407.0 540.0 0.00 0.00
199.0 526.0 0.00 0.00
1737.0 235.0 0.00 0.00
121.0 757.0 0.00 0.00
376.0 733.0 0.00 0.00
1655.0 879.0 0.00 0.00
1272.0 303.0 0.00 0.00
1369.0 619.0 0.00 0.00
58.0 685.0 0.00 0.00
888.0 693.0 0.00 0.00
1288.0 831.0 0.00 0.00
1624.0 735.0 0.00 0.00
437.0 527.0 0.00 0.00
117.0 520.0 0.00 0.00
1308.0 303.0 0.00 0.00
845.0 1189.0 0.00 0.00
1192.0 962.0 0.00 0.00
468.0 834.0 0.00 0.00
1603.0 617.0 0.00 0.00
353.0 703.0 0.00 0.00
576.0 922.0 0.00 0.00
1606.0 255.0 0.00 0.00
1298.0 686.0 0.00 0.00
1742.0 641.0 0.00 0.00
62.0 443.0 0.00 0.00
1045.0 691.0 0.00 0.00
1054.0 886.0 0.00 0.00
1284.0 566.0 0.00 0.00
495.0 496.0 0.00 0.00
424.0 837.0 0.00 0.00
491.0 728.0 0.00 0.00
158.0 949.0 0.00 0.00
152.0 795.0 0.00 0.00
1087.0 631.0 0.00 0.00
899.0 812.0 0.00 0.00
1291.0 1184.0 0.00 0.00
99.0 632.0 0.00 0.00
377.0 778.0 0.00 0.00
1476.0 742.0 0.00 0.00
1111.0 748.0 0.00 0.00
282.0 651.0 0.00 0.00
1511.0 973.0 0.00 0.00
1491.0 952.0 0.00 0.00
1250.0 992.0 0.00 0.00
1039.0 661.0 0.00 0.00
1670.0 462.0 0.00 0.00
323.0 577.0 0.00 0.00
1787.0 847.0 0.00 0.00
1031.0 16.0 0.00 0.00
762.0 799.0 0.00 0.00
69.0 313.0 0.00 0.00
1109.0 824.0 0.00 0.00
585.0 903.0 0.00 0.00
1232.0 607.0 0.00 0.00
1150.0 864.0 0.00 0.00
131.0 544.0 0.00 0.00
691.0 719.0 0.00 0.00
1494.0 358.0 0.00 0.00
639.0 902.0 0.00 0.00
1258.0 883.0 0.00 0.00
1495.0 548.0 0.00 0.00
691.0 728.0 0.00 0.00
37.0 402.0 0.00 0.00
330.0 693.0 0.00 0.00
145.0 627.0 0.00 0.00
971.0 868.0 0.00 0.00
1077.0 891.0 0.00 0.00
1002.0 916.0 0.00 0.00
554.0 864.0 0.00 0.00
582.0 969.0 0.00 0.00
217.0 548.0 0.00 0.00
1778.0 654.0 0.00 0.00
18.0 498.0 0.00 0.00
1565.0 232.0 0.00 0.00
399.0 464.0 0.00 0.00
1649.0 248.0 0.00 0.00
423.0 491.0 0.00 0.00
752.0 575.0 0.00 0.00
934.0 956.0 0.00 0.00
925.0 773.0 0.00 0.00
214.0 571.0 0.00 0.00
130.0 465.0 0.00 0.00
1600.0 727.0 0.00 0.00
817.0 847.0 0.00 0.00
127.0 720.0 0.00 0.00
1504.0 707.0 0.00 0.00
77.0 954.0 0.00 0.00
1745.0 675.0 0.00 0.00
432.0 352.0 0.00 0.00
1480.0 695.0 0.00 0.00
732.0 959.0 0.00 0.00
1336.0 915.0 0.00 0.00
686.0 656.0 0.00 0.00
1540.0 927.0 0.00 0.00
66.0 463.0 0.00 0.00
473.0 695.0 0.00 0.00
543.0 921.0 0.00 0.00
1454.0 611.0 0.00 0.00
40.0 388.0 0.00 0.00
1516.0 951.0 0.00 0.00
693.0 861.0 0.00 0.00
150.0 857.0 0.00 0.00
712.0 654.0 0.00 0.00
1404.0 698.0 0.00 0.00
943.0 676.0 0.00 0.00
463.0 355.0 0.00 0.00
1576.0 746.0 0.00 0.00
191.0 522.0 0.00 0.00
1758.0 952.0 0.00 0.00
1680.0 418.0 0.00 0.00
706.0 633.0 0.00 0.00
1767.0 740.0 0.00 0.00
1750.0 861.0 0.00 0.00
25.0 430.0 0.00 0.00
243.0 649.0 0.00 0.00
185.0 916.0 0.00 0.00
823.0 950.0 0.00 0.00
1446.0 670.0 0.00 0.00
519.0 962.0 0.00 0.00
1464.0 892.0 0.00 0.00
1552.0 63.0 0.00 0.00
1448.0 900.0 0.00 0.00
1692.0 301.0 0.00 0.00
79.0 498.0 0.00 0.00
1774.0 762.0 0.00 0.00
1495.0 971.0 0.00 0.00
1027.0 1187.0 0.00 0.00
486.0 452.0 0.00 0.00
464.0 924.0 0.00 0.00
454.0 624.0 0.00 0.00
1524.0 973.0 0.00 0.00
325.0 536.0 0.00 0.00
999.0 335.0 0.00 0.00
279.0 861.0 0.00 0.00
1679.0 921.0 0.00 0.00
1663.0 844.0 0.00 0.00
345.0 598.0 0.00 0.00
82.0 1145.0 0.00 0.00
260.0 979.0 0.00 0.00
575.0 757.0 0.00 0.00
910.0 691.0 0.00 0.00
639.0 949.0 0.00 0.00
591.0 767.0 0.00 0.00
1445.0 687.0 0.00 0.00
465.0 718.0 0.00 0.00
1739.0 251.0 0.00 0.00
1316.0 831.0 0.00 0.00
809.0 885.0 0.00 0.00
1236.0 930.0 0.00 0.00
1468.0 287.0 0.00 0.00
1510.0 478.0 0.00 0.00
208.0 934.0 0.00 0.00
1307.0 360.0 0.00 0.00
1236.0 699.0 0.00 0.00
452.0 549.0 0.00 0.00
775.0 671.0 0.00 0.00
996.0 721.0 0.00 0.00
1326.0 900.0 0.00 0.00
33.0 421.0 0.00 0.00
1635.0 869.0 0.00 0.00
108.0 1186.0 0.00 0.00
814.0 735.0 0.00 0.00
469.0 471.0 0.00 0.00
1652.0 582.0 0.00 0.00
545.0 846.0 0.00 0.00
771.0 778.0 0.00 0.00
12.0 669.0 0.00 0.00
648.0 679.0 0.00 0.00
293.0 1185.0 0.00 0.00
1283.0 725.0 0.00 0.00
1637.0 973.0 0.00 0.00
1136.0 659.0 0.00 0.00
549.0 639.0 0.00 0.00
522.0 909.0 0.00 0.00
276.0 847.0 0.00 0.00
382.0 678.0 0.00 0.00
1193.0 922.0 0.00 0.00
85.0 385.0 0.00 0.00
66.0 789.0 0.00 0.00
647.0 783.0 0.00 0.00
540.0 897.0 0.00 0.00
1748.0 634.0 0.00 0.00
476.0 607.0 0.00 0.00
135.0 951.0 0.00 0.00
651.0 724.0 0.00 0.00
1426.0 354.0 0.00 0.00
1123.0 793.0 0.00 0.00
664.0 869.0 0.00 0.00
93.0 343.0 0.00 0.00
1671.0 734.0 0.00 0.00
595.0 878.0 0.00 0.00
79.0 454.0 0.00 0.00
656.0 958.0 0.00 0.00
953.0 718.0 0.00 0.00
1504.0 697.0 0.00 0.00
940.0 643.0 0.00 0.00
736.0 776.0 0.00 0.00
147.0 580.0 0.00 0.00
155.0 863.0 0.00 0.00
1639.0 309.0 0.00 0.00
100.0 691.0 0.00 0.00
585.0 725.0 0.00 0.00
742.0 680.0 0.00 0.00
1060.0 648.0 0.00 0.00
1063.0 265.0 0.00 0.00
1646.0 259.0 0.00 0.00
750.0 854.0 0.00 0.00
1448.0 626.0 0.00 0.00
223.0 508.0 0.00 0.00
1456.0 782.0 0.00 0.00
1791.0 903.0 0.00 0.00
383.0 671.0 0.00 0.00
16.0 832.0 0.00 0.00
1536.0 869.0 0.00 0.00
580.0 874.0 0.00 0.00
61.0 344.0 0.00 0.00
537.0 754.0 0.00 0.00
1238.0 818.0 0.00 0.00
1140.0 643.0 0.00 0.00
342.0 726.0 0.00 0.00
808.0 724.0 0.00 0.00
1761.0 517.0 0.00 0.00
1513.0 712.0 0.00 0.00
813.0 655.0 0.00 0.00
784.0 710.0 0.00 0.00
1095.0 738.0 0.00 0.00
1633.0 338.0 0.00 0.00
618.0 657.0 0.00 0.00
798.0 796.0 0.00 0.00
1106.0 1190.0 0.00 0.00
114.0 440.0 0.00 0.00
1198.0 698.0 0.00 0.00
1435.0 701.0 0.00 0.00
1323.0 854.0 0.00 0.00
41.0 551.0 0.00 0.00
1622.0 312.0 0.00 0.00
446.0 776.0 0.00 0.00
1660.0 973.0 0.00 0.00
808.0 911.0 0.00 0.00
875.0 1186.0 0.00 0.00
249.0 648.0 0.00 0.00
1242.0 775.0 0.00 0.00
299.0 917.0 0.00 0.00
640.0 239.0 0.00 0.00
1588.0 973.0 0.00 0.00
231.0 344.0 0.00 0.00
967.0 689.0 0.00 0.00
696.0 691.0 0.00 0.00
1411.0 893.0 0.00 0.00
1435.0 1000.0 0.00 0.00
122.0 735.0 0.00 0.00
430.0 680.0 0.00 0.00
301.0 519.0 0.00 0.00
293.0 523.0 0.00 0.00
1336.0 408.0 0.00 0.00
408.0 441.0 0.00 0.00
1785.0 302.0 0.00 0.00
205.0 767.0 0.00 0.00
1218.0 936.0 0.00 0.00
1488.0 897.0 0.00 0.00
212.0 917.0 0.00 0.00
1515.0 682.0 0.00 0.00
355.0 1169.0 0.00 0.00
418.0 742.0 0.00 0.00
266.0 784.0 0.00 0.00
502.0 848.0 0.00 0.00
788.0 742.0 0.00 0.00
1257.0 637.0 0.00 0.00
1350.0 152.0 0.00 0.00
1443.0 389.0 0.00 0.00
970.0 664.0 0.00 0.00
643.0 801.0 0.00 0.00
1234.0 911.0 0.00 0.00
1772.0 317.0 0.00 0.00
1553.0 953.0 0.00 0.00
407.0 215.0 0.00 0.00
877.0 787.0 0.00 0.00
1333.0 812.0 0.00 0.00
1381.0 598.0 0.00 0.00
590.0 804.0 0.00 0.00
584.0 976.0 0.00 0.00
47.0 630.0 0.00 0.00
260.0 647.0 0.00 0.00
1412.0 396.0 0.00 0.00
1174.0 735.0 0.00 0.00
1328.0 659.0 0.00 0.00
1622.0 265.0 0.00 0.00
1169.0 969.0 0.00 0.00
83.0 565.0 0.00 0.00
613.0 726.0 0.00 0.00
837.0 911.0 0.00 0.00
1592.0 870.0 0.00 0.00
347.0 508.0 0.00 0.00
1463.0 608.0 0.00 0.00
919.0 671.0 0.00 0.00
966.0 941.0 0.00 0.00
904.0 869.0 0.00 0.00
960.0 157.0 0.00 0.00
1080.0 167.0 0.00 0.00
467.0 547.0 0.00 0.00
949.0 898.0 0.00 0.00
983.0 805.0 0.00 0.00
1375.0 376.0 0.00 0.00
988.0 639.0 0.00 0.00
490.0 910.0 0.00 0.00
249.0 1120.0 0.00 0.00
1244.0 757.0 0.00 0.00
22.0 1135.0 0.00 0.00
964.0 857.0 0.00 0.00
1296.0 325.0 0.00 0.00
1677.0 689.0 0.00 0.00
1601.0 678.0 0.00 0.00
1629.0 847.0 0.00 0.00
1572.0 729.0 0.00 0.00
1268.0 618.0 0.00 0.00
199.0 616.0 0.00 0.00
1167.0 725.0 0.00 0.00
1179.0 676.0 0.00 0.00
1768.0 520.0 0.00 0.00
659.0 701.0 0.00 0.00
1519.0 248.0 0.00 0.00
523.0 687.0 0.00 0.00
169.0 760.0 0.00 0.00
785.0 632.0 0.00 0.00
1150.0 634.0 0.00 0.00
196.0 557.0 0.00 0.00
922.0 741.0 0.00 0.00
312.0 787.0 0.00 0.00
1413.0 1181.0 0.00 0.00
98.0 739.0 0.00 0.00
873.0 733.0 0.00 0.00
310.0 611.0 0.00 0.00
525.0 633.0 0.00 0.00
1284.0 805.0 0.00 0.00
1190.0 675.0 0.00 0.00
652.0 763.0 0.00 0.00
66.0 924.0 0.00 0.00
1706.0 410.0 0.00 0.00
128.0 494.0 0.00 0.00
146.0 590.0 0.00 0.00
343.0 889.0 0.00 0.00
1119.0 232.0 0.00 0.00
1764.0 719.0 0.00 0.00
1776.0 786.0 0.00 0.00
496.0 669.0 0.00 0.00
1124.0 755.0 0.00 0.00
1523.0 646.0 0.00 0.00
57.0 711.0 0.00 0.00
1751.0 896.0 0.00 0.00
527.0 818.0 0.00 0.00
1727.0 521.0 0.00 0.00
725.0 852.0 0.00 0.00
97.0 352.0 0.00 0.00
1331.0 784.0 0.00 0.00
1438.0 928.0 0.00 0.00
99.0 721.0 0.00 0.00
1070.0 654.0 0.00 0.00
1520.0 823.0 0.00 0.00
196.0 660.0 0.00 0.00
1488.0 724.0 0.00 0.00
392.0 303.0 0.00 0.00
102.0 462.0 0.00 0.00
185.0 643.0 0.00 0.00
500.0 898.0 0.00 0.00
399.0 832.0 0.00 0.00
470.0 626.0 0.00 0.00
685.0 665.0 0.00 0.00
1464.0 921.0 0.00 0.00
315.0 482.0 0.00 0.00
482.0 522.0 0.00 0.00
783.0 844.0 0.00 0.00
1305.0 722.0 0.00 0.00
1287.0 961.0 0.00 0.00
750.0 619.0 0.00 0.00
1596.0 998.0 0.00 0.00
1308.0 776.0 0.00 0.00
559.0 319.0 0.00 0.00
1771.0 401.0 0.00 0.00
1434.0 367.0 0.00 0.00
1615.0 998.0 0.00 0.00
729.0 982.0 0.00 0.00
1649.0 793.0 0.00 0.00
1319.0 915.0 0.00 0.00
608.0 707.0 0.00 0.00
891.0 942.0 0.00 0.00
131.0 551.0 0.00 0.00
359.0 443.0 0.00 0.00
1783.0 800.0 0.00 0.00
985.0 883.0 0.00 0.00
42.0 608.0 0.00 0.00
1106.0 793.0 0.00 0.00
1718.0 608.0 0.00 0.00
462.0 966.0 0.00 0.00
1154.0 668.0 0.00 0.00
1043.0 873.0 0.00 0.00
932.0 1165.0 0.00 0.00
976.0 832.0 0.00 0.00
1440.0 657.0 0.00 0.00
1285.0 600.0 0.00 0.00
896.0 963.0 0.00 0.00
654.0 626.0 0.00 0.00
1307.0 792.0 0.00 0.00
1224.0 950.0 0.00 0.00
942.0 731.0 0.00 0.00
414.0 658.0 0.00 0.00
754.0 958.0 0.00 0.00
1323.0 569.0 0.00 0.00
1326.0 873.0 0.00 0.00
1310.0 618.0 0.00 0.00
110.0 398.0 0.00 0.00
601.0 780.0 0.00 0.00
1608.0 728.0 0.00 0.00
1221.0 913.0 0.00 0.00
74.0 688.0 0.00 0.00
578.0 984.0 0.00 0.00
859.0 726.0 0.00 0.00
363.0 879.0 0.00 0.00
1065.0 749.0 0.00 0.00
181.0 725.0 0.00 0.00
1441.0 788.0 0.00 0.00
278.0 785.0 0.00 0.00
376.0 427.0 0.00 0.00
882.0 752.0 0.00 0.00
1152.0 955.0 0.00 0.00
1495.0 821.0 0.00 0.00
655.0 602.0 0.00 0.00
597.0 869.0 0.00 0.00
1428.0 595.0 0.00 0.00
576.0 948.0 0.00 0.00
576.0 897.0 0.00 0.00
1240.0 852.0 0.00 0.00
1247.0 620.0 0.00 0.00
442.0 809.0 0.00 0.00
168.0 988.0 0.00 0.00
995.0 684.0 0.00 0.00
1436.0 962.0 0.00 0.00
485.0 852.0 0.00 0.00
744.0 295.0 0.00 0.00
483.0 653.0 0.00 0.00
138.0 535.0 0.00 0.00
554.0 692.0 0.00 0.00
41.0 614.0 0.00 0.00
328.0 789.0 0.00 0.00
1648.0 79.0 0.00 0.00
75.0 790.0 0.00 0.00
1556.0 583.0 0.00 0.00
1084.0 767.0 0.00 0.00
1040.0 679.0 0.00 0.00
758.0 664.0 0.00 0.00
1512.0 651.0 0.00 0.00
1188.0 927.0 0.00 0.00
923.0 721.0 0.00 0.00
855.0 784.0 0.00 0.00
200.0 342.0 0.00 0.00
1329.0 727.0 0.00 0.00
1237.0 391.0 0.00 0.00
1767.0 882.0 0.00 0.00
1070.0 970.0 0.00 0.00
967.0 756.0 0.00 0.00
1546.0 848.0 0.00 0.00
1655.0 910.0 0.00 0.00
281.0 809.0 0.00 0.00
125.0 835.0 0.00 0.00
1600.0 369.0 0.00 0.00
1397.0 306.0 0.00 0.00
702.0 848.0 0.00 0.00
1446.0 678.0 0.00 0.00
1242.0 992.0 0.00 0.00
529.0 746.0 0.00 0.00
1698.0 762.0 0.00 0.00
201.0 630.0 0.00 0.00
1165.0 840.0 0.00 0.00
57.0 927.0 0.00 0.00
452.0 530.0 0.00 0.00
1033.0 706.0 0.00 0.00
1666.0 874.0 0.00 0.00
990.0 711.0 0.00 0.00
932.0 670.0 0.00 0.00
1301.0 746.0 0.00 0.00
1741.0 634.0 0.00 0.00
841.0 693.0 0.00 0.00
1614.0 835.0 0.00 0.00
1516.0 674.0 0.00 0.00
137.0 793.0 0.00 0.00
443.0 901.0 0.00 0.00
1687.0 316.0 0.00 0.00
1398.0 873.0 0.00 0.00
828.0 644.0 0.00 0.00
790.0 240.0 0.00 0.00
1596.0 1182.0 0.00 0.00
1294.0 696.0 0.00 0.00
1444.0 699.0 0.00 0.00
951.0 781.0 0.00 0.00
850.0 705.0 0.00 0.00
1038.0 635.0 0.00 0.00
1544.0 699.0 0.00 0.00
1175.0 669.0 0.00 0.00
235.0 917.0 0.00 0.00
1615.0 706.0 0.00 0.00
1261.0 810.0 0.00 0.00
935.0 1176.0 0.00 0.00
1607.0 705.0 0.00 0.00
822.0 1189.0 0.00 0.00
551.0 167.0 0.00 0.00
760.0 753.0 0.00 0.00
712.0 727.0 0.00 0.00
624.0 305.0 0.00 0.00
1026.0 661.0 0.00 0.00
1204.0 914.0 0.00 0.00
1232.0 898.0 0.00 0.00
1376.0 848.0 0.00 0.00
713.0 909.0 0.00 0.00
1522.0 961.0 0.00 0.00
258.0 793.0 0.00 0.00
826.0 726.0 0.00 0.00
1564.0 927.0 0.00 0.00
1509.0 355.0 0.00 0.00
1353.0 407.0 0.00 0.00
553.0 922.0 0.00 0.00
1341.0 309.0 0.00 0.00
212.0 638.0 0.00 0.00
944.0 771.0 0.00 0.00
1683.0 675.0 0.00 0.00
111.0 879.0 0.00 0.00
527.0 375.0 0.00 0.00
206.0 207.0 0.00 0.00
1151.0 600.0 0.00 0.00
593.0 982.0 0.00 0.00
615.0 642.0 0.00 0.00
1515.0 928.0 0.00 0.00
1752.0 883.0 0.00 0.00
206.0 792.0 0.00 0.00
879.0 851.0 0.00 0.00
544.0 909.0 0.00 0.00
830.0 823.0 0.00 0.00
1170.0 362.0 0.00 0.00
1699.0 329.0 0.00 0.00
1444.0 715.0 0.00 0.00
35.0 356.0 0.00 0.00
1187.0 660.0 0.00 0.00
123.0 533.0 0.00 0.00
664.0 654.0 0.00 0.00
1509.0 1101.0 0.00 0.00
44.0 702.0 0.00 0.00
916.0 713.0 0.00 0.00
729.0 697.0 0.00 0.00
647.0 602.0 0.00 0.00
1749.0 847.0 0.00 0.00
71.0 421.0 0.00 0.00
565.0 922.0 0.00 0.00
636.0 979.0 0.00 0.00
290.0 938.0 0.00 0.00
301.0 798.0 0.00 0.00
1138.0 755.0 0.00 0.00
1499.0 903.0 0.00 0.00
492.0 691.0 0.00 0.00
1328.0 735.0 0.00 0.00
271.0 241.0 0.00 0.00
180.0 720.0 0.00 0.00
1256.0 851.0 0.00 0.00
1417.0 1149.0 0.00 0.00
813.0 962.0 0.00 0.00
1162.0 869.0 0.00 0.00
317.0 744.0 0.00 0.00
1576.0 466.0 0.00 0.00
1694.0 390.0 0.00 0.00
500.0 804.0 0.00 0.00
1591.0 820.0 0.00 0.00
927.0 984.0 0.00 0.00
1287.0 316.0 0.00 0.00
1596.0 928.0 0.00 0.00
1733.0 628.0 0.00 0.00
987.0 723.0 0.00 0.00
1464.0 25.0 0.00 0.00
398.0 894.0 0.00 0.00
106.0 342.0 0.00 0.00
1326.0 683.0 0.00 0.00
1342.0 960.0 0.00 0.00
1783.0 812.0 0.00 0.00
647.0 697.0 0.00 0.00
909.0 710.0 0.00 0.00
335.0 152.0 0.00 0.00
1571.0 699.0 0.00 0.00
1644.0 322.0 0.00 0.00
107.0 708.0 0.00 0.00
704.0 256.0 0.00 0.00
1005.0 280.0 0.00 0.00
1225.0 832.0 0.00 0.00
894.0 833.0 0.00 0.00
1327.0 48.0 0.00 0.00
1763.0 859.0 0.00 0.00
888.0 900.0 0.00 0.00
1497.0 621.0 0.00 0.00
1527.0 168.0 0.00 0.00
990.0 383.0 0.00 0.00
951.0 839.0 0.00 0.00
81.0 360.0 0.00 0.00
166.0 664.0 0.00 0.00
368.0 439.0 0.00 0.00
1133.0 765.0 0.00 0.00
1198.0 892.0 0.00 0.00
1294.0 733.0 0.00 0.00
368.0 647.0 0.00 0.00
1150.0 803.0 0.00 0.00
454.0 744.0 0.00 0.00
332.0 543.0 0.00 0.00
971.0 676.0 0.00 0.00
8.0 344.0 0.00 0.00
836.0 965.0 0.00 0.00
1501.0 357.0 0.00 0.00
1748.0 639.0 0.00 0.00
104.0 991.0 0.00 0.00
190.0 206.0 0.00 0.00
831.0 240.0 0.00 0.00
510.0 668.0 0.00 0.00
1013.0 861.0 0.00 0.00
1318.0 717.0 0.00 0.00
848.0 144.0 0.00 0.00
959.0 792.0 0.00 0.00
762.0 875.0 0.00 0.00
1434.0 717.0 0.00 0.00
1572.0 1188.0 0.00 0.00
1491.0 680.0 0.00 0.00
400.0 135.0 0.00 0.00
366.0 620.0 0.00 0.00
900.0 739.0 0.00 0.00
919.0 693.0 0.00 0.00
755.0 933.0 0.00 0.00
1300.0 928.0 0.00 0.00
1553.0 483.0 0.00 0.00
1604.0 910.0 0.00 0.00
1271.0 846.0 0.00 0.00
1668.0 656.0 0.00 0.00
815.0 923.0 0.00 0.00
721.0 970.0 0.00 0.00
193.0 626.0 0.00 0.00
722.0 958.0 0.00 0.00
1316.0 668.0 0.00 0.00
173.0 497.0 0.00 0.00
400.0 499.0 0.00 0.00
1200.0 384.0 0.00 0.00
1130.0 667.0 0.00 0.00
1280.0 457.0 0.00 0.00
386.0 896.0 0.00 0.00
298.0 404.0 0.00 0.00
1318.0 481.0 0.00 0.00
474.0 662.0 0.00 0.00
448.0 605.0 0.00 0.00
1288.0 869.0 0.00 0.00
938.0 966.0 0.00 0.00
399.0 579.0 0.00 0.00
266.0 978.0 0.00 0.00
575.0 1165.0 0.00 0.00
447.0 510.0 0.00 0.00
645.0 658.0 0.00 0.00
1509.0 823.0 0.00 0.00
57.0 661.0 0.00 0.00
1567.0 786.0 0.00 0.00
1397.0 475.0 0.00 0.00
74.0 346.0 0.00 0.00
195.0 419.0 0.00 0.00
1079.0 735.0 0.00 0.00
1010.0 957.0 0.00 0.00
240.0 406.0 0.00 0.00
1293.0 663.0 0.00 0.00
432.0 603.0 0.00 0.00
401.0 597.0 0.00 0.00
334.0 944.0 0.00 0.00
1644.0 692.0 0.00 0.00
1233.0 247.0 0.00 0.00
1088.0 519.0 0.00 0.00
1570.0 823.0 0.00 0.00
212.0 402.0 0.00 0.00
228.0 898.0 0.00 0.00
997.0 942.0 0.00 0.00
1253.0 819.0 0.00 0.00
1192.0 880.0 0.00 0.00
91.0 1126.0 0.00 0.00
694.0 408.0 0.00 0.00
1402.0 941.0 0.00 0.00
503.0 1132.0 0.00 0.00
466.0 529.0 0.00 0.00
1368.0 48.0 0.00 0.00
1092.0 640.0 0.00 0.00
894.0 871.0 0.00 0.00
427.0 785.0 0.00 0.00
1776.0 1189.0 0.00 0.00
878.0 777.0 0.00 0.00
1678.0 256.0 0.00 0.00
924.0 867.0 0.00 0.00
470.0 451.0 0.00 0.00
184.0 426.0 0.00 0.00
1016.0 692.0 0.00 0.00
767.0 886.0 0.00 0.00
1037.0 741.0 0.00 0.00
475.0 626.0 0.00 0.00
1251.0 969.0 0.00 0.00
11.0 430.0 0.00 0.00
868.0 685.0 0.00 0.00
1175.0 634.0 0.00 0.00
863.0 824.0 0.00 0.00
1709.0 762.0 0.00 0.00
1529.0 630.0 0.00 0.00
167.0 824.0 0.00 0.00
577.0 935.0 0.00 0.00
735.0 560.0 0.00 0.00
1538.0 556.0 0.00 0.00
71.0 659.0 0.00 0.00
78.0 511.0 0.00 0.00
531.0 984.0 0.00 0.00
936.0 598.0 0.00 0.00
855.0 606.0 0.00 0.00
278.0 441.0 0.00 0.00
1119.0 678.0 0.00 0.00
1734.0 245.0 0.00 0.00
1545.0 820.0 0.00 0.00
903.0 264.0 0.00 0.00
865.0 692.0 0.00 0.00
424.0 893.0 0.00 0.00
142.0 723.0 0.00 0.00
201.0 503.0 0.00 0.00
1309.0 750.0 0.00 0.00
1093.0 785.0 0.00 0.00
1137.0 637.0 0.00 0.00
904.0 896.0 0.00 0.00
350.0 375.0 0.00 0.00
891.0 646.0 0.00 0.00
61.0 975.0 0.00 0.00
1236.0 749.0 0.00 0.00
329.0 896.0 0.00 0.00
188.0 566.0 0.00 0.00
1104.0 670.0 0.00 0.00
72.0 333.0 0.00 0.00
692.0 1188.0 0.00 0.00
1626.0 677.0 0.00 0.00
572.0 766.0 0.00 0.00
1070.0 649.0 0.00 0.00
831.0 551.0 0.00 0.00
1449.0 507.0 0.00 0.00
10.0 305.0 0.00 0.00
1750.0 751.0 0.00 0.00
1113.0 743.0 0.00 0.00
1174.0 700.0 0.00 0.00
1042.0 947.0 0.00 0.00
1290.0 63.0 0.00 0.00
375.0 535.0 0.00 0.00
1062.0 968.0 0.00 0.00
367.0 977.0 0.00 0.00
697.0 783.0 0.00 0.00
1323.0 356.0 0.00 0.00
870.0 956.0 0.00 0.00
784.0 343.0 0.00 0.00
1756.0 136.0 0.00 0.00
128.0 902.0 0.00 0.00
279.0 376.0 0.00 0.00
726.0 606.0 0.00 0.00
1355.0 501.0 0.00 0.00
1033.0 635.0 0.00 0.00
1503.0 485.0 0.00 0.00
1563.0 281.0 0.00 0.00
1332.0 818.0 0.00 0.00
1477.0 961.0 0.00 0.00
92.0 655.0 0.00 0.00
377.0 502.0 0.00 0.00
1023.0 940.0 0.00 0.00
1073.0 1147.0 0.00 0.00
53.0 764.0 0.00 0.00
1410.0 999.0 0.00 0.00
143.0 568.0 0.00 0.00
1587.0 960.0 0.00 0.00
1224.0 239.0 0.00 0.00
1054.0 80.0 0.00 0.00
279.0 898.0 0.00 0.00
1291.0 789.0 0.00 0.00
103.0 441.0 0.00 0.00
943.0 584.0 0.00 0.00
9.0 410.0 0.00 0.00
1439.0 226.0 0.00 0.00
1503.0 712.0 0.00 0.00
1294.0 704.0 0.00 0.00
1284.0 927.0 0.00 0.00
527.0 767.0 0.00 0.00
277.0 743.0 0.00 0.00
1206.0 811.0 0.00 0.00
1637.0 900.0 0.00 0.00
1245.0 803.0 0.00 0.00
1638.0 927.0 0.00 0.00
1616.0 654.0 0.00 0.00
159.0 880.0 0.00 0.00
989.0 701.0 0.00 0.00
273.0 625.0 0.00 0.00
288.0 979.0 0.00 0.00
1428.0 341.0 0.00 0.00
1127.0 741.0 0.00 0.00
1649.0 803.0 0.00 0.00
1015.0 223.0 0.00 0.00
1444.0 338.0 0.00 0.00
1095.0 58.0 0.00 0.00
800.0 724.0 0.00 0.00
524.0 921.0 0.00 0.00
1048.0 843.0 0.00 0.00
59.0 935.0 0.00 0.00
1487.0 961.0 0.00 0.00
455.0 809.0 0.00 0.00
1083.0 1181.0 0.00 0.00
40.0 1157.0 0.00 0.00
623.0 73.0 0.00 0.00
1347.0 745.0 0.00 0.00
127.0 725.0 0.00 0.00
305.0 703.0 0.00 0.00
614.0 861.0 0.00 0.00
32.0 500.0 0.00 0.00
1773.0 605.0 0.00 0.00
995.0 796.0 0.00 0.00
1300.0 760.0 0.00 0.00
1295.0 412.0 0.00 0.00
1752.0 663.0 0.00 0.00
1155.0 701.0 0.00 0.00
431.0 1119.0 0.00 0.00
879.0 304.0 0.00 0.00
1131.0 698.0 0.00 0.00
206.0 649.0 0.00 0.00
1258.0 210.0 0.00 0.00
1248.0 575.0 0.00 0.00
527.0 166.0 0.00 0.00
1108.0 763.0 0.00 0.00
420.0 938.0 0.00 0.00
663.0 1164.0 0.00 0.00
23.0 685.0 0.00 0.00
705.0 886.0 0.00 0.00
507.0 728.0 0.00 0.00
215.0 1098.0 0.00 0.00
144.0 736.0 0.00 0.00
1209.0 696.0 0.00 0.00
856.0 789.0 0.00 0.00
1318.0 845.0 0.00 0.00
940.0 984.0 0.00 0.00
1152.0 243.0 0.00 0.00
304.0 920.0 0.00 0.00
358.0 723.0 0.00 0.00
1633.0 264.0 0.00 0.00
255.0 176.0 0.00 0.00
1751.0 159.0 0.00 0.00
1359.0 265.0 0.00 0.00
1182.0 947.0 0.00 0.00
432.0 723.0 0.00 0.00
1118.0 64.0 0.00 0.00
841.0 688.0 0.00 0.00
741.0 969.0 0.00 0.00
341.0 1178.0 0.00 0.00
1316.0 766.0 0.00 0.00
220.0 658.0 0.00 0.00
815.0 247.0 0.00 0.00
1405.0 703.0 0.00 0.00
366.0 896.0 0.00 0.00
1696.0 144.0 0.00 0.00
696.0 706.0 0.00 0.00
1009.0 551.0 0.00 0.00
960.0 512.0 0.00 0.00
575.0 599.0 0.00 0.00
493.0 608.0 0.00 0.00
422.0 456.0 0.00 0.00
1464.0 400.0 0.00 0.00
1493.0 753.0 0.00 0.00
185.0 926.0 0.00 0.00
465.0 702.0 0.00 0.00
1445.0 759.0 0.00 0.00
1223.0 223.0 0.00 0.00
1036.0 1175.0 0.00 0.00
958.0 691.0 0.00 0.00
1021.0 662.0 0.00 0.00
837.0 817.0 0.00 0.00
1655.0 921.0 0.00 0.00
437.0 445.0 0.00 0.00
191.0 357.0 0.00 0.00
1603.0 664.0 0.00 0.00
1068.0 729.0 0.00 0.00
723.0 911.0 0.00 0.00
366.0 789.0 0.00 0.00
1543.0 231.0 0.00 0.00
76.0 715.0 0.00 0.00
1182.0 814.0 0.00 0.00
1078.0 777.0 0.00 0.00
565.0 898.0 0.00 0.00
892.0 669.0 0.00 0.00
1211.0 713.0 0.00 0.00
218.0 707.0 0.00 0.00
933.0 762.0 0.00 0.00
1142.0 629.0 0.00 0.00
1285.0 819.0 0.00 0.00
1296.0 627.0 0.00 0.00
1631.0 628.0 0.00 0.00
1175.0 827.0 0.00 0.00
1487.0 322.0 0.00 0.00
292.0 789.0 0.00 0.00
982.0 722.0 0.00 0.00
1075.0 767.0 0.00 0.00
464.0 751.0 0.00 0.00
312.0 503.0 0.00 0.00
711.0 271.0 0.00 0.00
547.0 408.0 0.00 0.00
119.0 923.0 0.00 0.00
560.0 399.0 0.00 0.00
279.0 404.0 0.00 0.00
407.0 448.0 0.00 0.00
1513.0 701.0 0.00 0.00
70.0 1100.0 0.00 0.00
1243.0 1186.0 0.00 0.00
1500.0 947.0 0.00 0.00
654.0 479.0 0.00 0.00
1262.0 773.0 0.00 0.00
1057.0 1132.0 0.00 0.00
1469.0 294.0 0.00 0.00
1394.0 772.0 0.00 0.00
768.0 182.0 0.00 0.00
487.0 840.0 0.00 0.00
357.0 425.0 0.00 0.00
644.0 900.0 0.00 0.00
1321.0 302.0 0.00 0.00
234.0 627.0 0.00 0.00
1030.0 385.0 0.00 0.00
704.0 920.0 0.00 0.00
899.0 784.0 0.00 0.00
1041.0 495.0 0.00 0.00
20.0 705.0 0.00 0.00
1433.0 820.0 0.00 0.00
1185.0 391.0 0.00 0.00
1739.0 136.0 0.00 0.00
703.0 946.0 0.00 0.00
1276.0 767.0 0.00 0.00
734.0 1115.0 0.00 0.00
384.0 324.0 0.00 0.00
568.0 863.0 0.00 0.00
15.0 952.0 0.00 0.00
203.0 598.0 0.00 0.00
529.0 626.0 0.00 0.00
485.0 56.0 0.00 0.00
30.0 896.0 0.00 0.00
677.0 823.0 0.00 0.00
59.0 624.0 0.00 0.00
455.0 232.0 0.00 0.00
519.0 808.0 0.00 0.00
1500.0 542.0 0.00 0.00
1782.0 691.0 0.00 0.00
1367.0 350.0 0.00 0.00
507.0 703.0 0.00 0.00
150.0 786.0 0.00 0.00
1552.0 726.0 0.00 0.00
823.0 616.0 0.00 0.00
1555.0 495.0 0.00 0.00
1169.0 166.0 0.00 0.00
765.0 948.0 0.00 0.00
678.0 926.0 0.00 0.00
1199.0 738.0 0.00 0.00
990.0 706.0 0.00 0.00
420.0 728.0 0.00 0.00
1161.0 990.0 0.00 0.00
944.0 796.0 0.00 0.00
1504.0 86.0 0.00 0.00
185.0 648.0 0.00 0.00
609.0 652.0 0.00 0.00
319.0 419.0 0.00 0.00
400.0 806.0 0.00 0.00
607.0 399.0 0.00 0.00
1282.0 688.0 0.00 0.00
11.0 995.0 0.00 0.00
495.0 960.0 0.00 0.00
27.0 833.0 0.00 0.00
1400.0 768.0 0.00 0.00
955.0 657.0 0.00 0.00
1151.0 882.0 0.00 0.00
1770.0 955.0 0.00 0.00
1753.0 803.0 0.00 0.00
1244.0 869.0 0.00 0.00
236.0 368.0 0.00 0.00
619.0 699.0 0.00 0.00
885.0 913.0 0.00 0.00
888.0 862.0 0.00 0.00
72.0 175.0 0.00 0.00
836.0 873.0 0.00 0.00
1750.0 518.0 0.00 0.00
196.0 501.0 0.00 0.00
1091.0 856.0 0.00 0.00
882.0 736.0 0.00 0.00
553.0 768.0 0.00 0.00
1100.0 631.0 0.00 0.00
187.0 972.0 0.00 0.00
1758.0 793.0 0.00 0.00
1023.0 887.0 0.00 0.00
16.0 973.0 0.00 0.00
475.0 838.0 0.00 0.00
43.0 396.0 0.00 0.00
1329.0 110.0 0.00 0.00
1127.0 729.0 0.00 0.00
191.0 455.0 0.00 0.00
1235.0 706.0 0.00 0.00
431.0 420.0 0.00 0.00
1681.0 973.0 0.00 0.00
185.0 944.0 0.00 0.00
1519.0 183.0 0.00 0.00
1030.0 137.0 0.00 0.00
1080.0 727.0 0.00 0.00
846.0 778.0 0.00 0.00
1215.0 790.0 0.00 0.00
399.0 716.0 0.00 0.00
1705.0 675.0 0.00 0.00
1419.0 302.0 0.00 0.00
151.0 725.0 0.00 0.00
1559.0 310.0 0.00 0.00
27.0 695.0 0.00 0.00
155.0 852.0 0.00 0.00
486.0 446.0 0.00 0.00
1533.0 471.0 0.00 0.00
1082.0 673.0 0.00 0.00
1748.0 628.0 0.00 0.00
671.0 383.0 0.00 0.00
1608.0 698.0 0.00 0.00
376.0 833.0 0.00 0.00
1605.0 519.0 0.00 0.00
69.0 976.0 0.00 0.00
1632.0 8.0 0.00 0.00
1086.0 481.0 0.00 0.00
360.0 430.0 0.00 0.00
399.0 546.0 0.00 0.00
1589.0 504.0 0.00 0.00
1267.0 932.0 0.00 0.00
1209.0 824.0 0.00 0.00
191.0 111.0 0.00 0.00
84.0 532.0 0.00 0.00
53.0 570.0 0.00 0.00
661.0 951.0 0.00 0.00
1783.0 463.0 0.00 0.00
414.0 681.0 0.00 0.00
1375.0 228.0 0.00 0.00
1584.0 537.0 0.00 0.00
1738.0 603.0 0.00 0.00
1672.0 135.0 0.00 0.00
245.0 952.0 0.00 0.00
55.0 247.0 0.00 0.00
35.0 407.0 0.00 0.00
79.0 63.0 0.00 0.00
1391.0 296.0 0.00 0.00
662.0 471.0 0.00 0.00
52.0 1103.0 0.00 0.00
1568.0 714.0 0.00 0.00
320.0 500.0 0.00 0.00
312.0 723.0 0.00 0.00
1255.0 811.0 0.00 0.00
1304.0 195.0 0.00 0.00
448.0 431.0 0.00 0.00
888.0 455.0 0.00 0.00
373.0 576.0 0.00 0.00
510.0 584.0 0.00 0.00
1514.0 644.0 0.00 0.00
1365.0 763.0 0.00 0.00
974.0 718.0 0.00 0.00
935.0 811.0 0.00 0.00
755.0 910.0 0.00 0.00
910.0 870.0 0.00 0.00
298.0 567.0 0.00 0.00
764.0 908.0 0.00 0.00
384.0 746.0 0.00 0.00
235.0 784.0 0.00 0.00
1786.0 835.0 0.00 0.00
1460.0 832.0 0.00 0.00
1449.0 654.0 0.00 0.00
944.0 742.0 0.00 0.00
487.0 583.0 0.00 0.00
975.0 367.0 0.00 0.00
404.0 814.0 0.00 0.00
767.0 799.0 0.00 0.00
487.0 121.0 0.00 0.00
186.0 635.0 0.00 0.00
802.0 680.0 0.00 0.00
567.0 908.0 0.00 0.00
102.0 427.0 0.00 0.00
602.0 869.0 0.00 0.00
146.0 852.0 0.00 0.00
1081.0 715.0 0.00 0.00
588.0 939.0 0.00 0.00
117.0 672.0 0.00 0.00
1112.0 14.0 0.00 0.00
702.0 1183.0 0.00 0.00
1255.0 733.0 0.00 0.00
1410.0 657.0 0.00 0.00
544.0 627.0 0.00 0.00
976.0 460.0 0.00 0.00
1512.0 883.0 0.00 0.00
765.0 834.0 0.00 0.00
1303.0 31.0 0.00 0.00
303.0 371.0 0.00 0.00
14.0 921.0 0.00 0.00
1682.0 39.0 0.00 0.00
278.0 820.0 0.00 0.00
1054.0 94.0 0.00 0.00
1294.0 806.0 0.00 0.00
1624.0 744.0 0.00 0.00
430.0 794.0 0.00 0.00
1053.0 899.0 0.00 0.00
600.0 279.0 0.00 0.00
490.0 827.0 0.00 0.00
205.0 463.0 0.00 0.00
1308.0 688.0 0.00 0.00
395.0 914.0 0.00 0.00
1444.0 642.0 0.00 0.00
623.0 200.0 0.00 0.00
849.0 769.0 0.00 0.00
855.0 216.0 0.00 0.00
1687.0 762.0 0.00 0.00
1120.0 320.0 0.00 0.00
968.0 881.0 0.00 0.00
380.0 944.0 0.00 0.00
275.0 302.0 0.00 0.00
1463.0 701.0 0.00 0.00
1387.0 931.0 0.00 0.00
1700.0 358.0 0.00 0.00
959.0 922.0 0.00 0.00
1008.0 672.0 0.00 0.00
15.0 112.0 0.00 0.00
503.0 1187.0 0.00 0.00
1033.0 714.0 0.00 0.00
928.0 8.0 0.00 0.00
1444.0 704.0 0.00 0.00
875.0 670.0 0.00 0.00
1168.0 65.0 0.00 0.00
672.0 370.0 0.00 0.00
573.0 709.0 0.00 0.00
152.0 744.0 0.00 0.00
375.0 809.0 0.00 0.00
184.0 453.0 0.00 0.00
1559.0 272.0 0.00 0.00
620.0 670.0 0.00 0.00
1150.0 950.0 0.00 0.00
710.0 535.0 0.00 0.00
1474.0 900.0 0.00 0.00
447.0 359.0 0.00 0.00
349.0 977.0 0.00 0.00
1647.0 749.0 0.00 0.00
1117.0 660.0 0.00 0.00
992.0 916.0 0.00 0.00
1452.0 859.0 0.00 0.00
615.0 230.0 0.00 0.00
576.0 624.0 0.00 0.00
623.0 439.0 0.00 0.00
495.0 87.0 0.00 0.00
1387.0 360.0 0.00 0.00
275.0 397.0 0.00 0.00
792.0 779.0 0.00 0.00
992.0 761.0 0.00 0.00
759.0 295.0 0.00 0.00
375.0 407.0 0.00 0.00
1405.0 899.0 0.00 0.00
501.0 909.0 0.00 0.00
101.0 333.0 0.00 0.00
95.0 622.0 0.00 0.00
998.0 955.0 0.00 0.00
1478.0 515.0 0.00 0.00
609.0 721.0 0.00 0.00
431.0 162.0 0.00 0.00
682.0 704.0 0.00 0.00
991.0 818.0 0.00 0.00
297.0 740.0 0.00 0.00
1656.0 931.0 0.00 0.00
466.0 852.0 0.00 0.00
94.0 732.0 0.00 0.00
1458.0 624.0 0.00 0.00
224.0 231.0 0.00 0.00
264.0 364.0 0.00 0.00
751.0 368.0 0.00 0.00
732.0 835.0 0.00 0.00
1773.0 599.0 0.00 0.00
1105.0 682.0 0.00 0.00
1559.0 15.0 0.00 0.00
356.0 933.0 0.00 0.00
944.0 910.0 0.00 0.00
639.0 625.0 0.00 0.00
1552.0 571.0 0.00 0.00
1172.0 863.0 0.00 0.00
1230.0 660.0 0.00 0.00
711.0 471.0 0.00 0.00
768.0 730.0 0.00 0.00
727.0 247.0 0.00 0.00
191.0 500.0 0.00 0.00
495.0 714.0 0.00 0.00
1532.0 575.0 0.00 0.00
1655.0 196.0 0.00 0.00
1076.0 864.0 0.00 0.00
1065.0 700.0 0.00 0.00
664.0 567.0 0.00 0.00
909.0 684.0 0.00 0.00
1375.0 928.0 0.00 0.00
1585.0 714.0 0.00 0.00
394.0 583.0 0.00 0.00
738.0 960.0 0.00 0.00
695.0 455.0 0.00 0.00
242.0 846.0 0.00 0.00
1263.0 47.0 0.00 0.00
26.0 393.0 0.00 0.00
1432.0 808.0 0.00 0.00
252.0 757.0 0.00 0.00
255.0 647.0 0.00 0.00
169.0 642.0 0.00 0.00
303.0 502.0 0.00 0.00
1724.0 789.0 0.00 0.00
1482.0 670.0 0.00 0.00
1277.0 760.0 0.00 0.00
721.0 698.0 0.00 0.00
926.0 751.0 0.00 0.00
406.0 622.0 0.00 0.00
758.0 766.0 0.00 0.00
1103.0 479.0 0.00 0.00
649.0 78.0 0.00 0.00
1711.0 309.0 0.00 0.00
738.0 619.0 0.00 0.00
229.0 600.0 0.00 0.00
611.0 879.0 0.00 0.00
1375.0 349.0 0.00 0.00
1469.0 999.0 0.00 0.00
1626.0 730.0 0.00 0.00
1751.0 402.0 0.00 0.00
560.0 921.0 0.00 0.00
1239.0 224.0 0.00 0.00
1444.0 692.0 0.00 0.00
781.0 734.0 0.00 0.00
1352.0 247.0 0.00 0.00
905.0 826.0 0.00 0.00
1246.0 587.0 0.00 0.00
772.0 649.0 0.00 0.00
553.0 973.0 0.00 0.00
1143.0 783.0 0.00 0.00
1152.0 749.0 0.00 0.00
966.0 748.0 0.00 0.00
1721.0 780.0 0.00 0.00
1658.0 963.0 0.00 0.00
31.0 878.0 0.00 0.00
774.0 584.0 0.00 0.00
1482.0 638.0 0.00 0.00
791.0 644.0 0.00 0.00
863.0 128.0 0.00 0.00
841.0 1168.0 0.00 0.00
559.0 767.0 0.00 0.00
164.0 705.0 0.00 0.00
50.0 598.0 0.00 0.00
288.0 683.0 0.00 0.00
883.0 368.0 0.00 0.00
1533.0 961.0 0.00 0.00
343.0 335.0 0.00 0.00
1005.0 688.0 0.00 0.00
1323.0 947.0 0.00 0.00
424.0 375.0 0.00 0.00
1199.0 306.0 0.00 0.00
832.0 144.0 0.00 0.00
613.0 796.0 0.00 0.00
1200.0 440.0 0.00 0.00
99.0 894.0 0.00 0.00
799.0 344.0 0.00 0.00
1512.0 717.0 0.00 0.00
1135.0 512.0 0.00 0.00
964.0 720.0 0.00 0.00
974.0 797.0 0.00 0.00
335.0 760.0 0.00 0.00
801.0 455.0 0.00 0.00
1448.0 63.0 0.00 0.00
703.0 159.0 0.00 0.00
363.0 462.0 0.00 0.00
960.0 835.0 0.00 0.00
975.0 519.0 0.00 0.00
612.0 816.0 0.00 0.00
1533.0 622.0 0.00 0.00
1542.0 603.0 0.00 0.00
389.0 1184.0 0.00 0.00
927.0 471.0 0.00 0.00
1401.0 999.0 0.00 0.00
1283.0 508.0 0.00 0.00
328.0 426.0 0.00 0.00
433.0 567.0 0.00 0.00
782.0 758.0 0.00 0.00
1015.0 119.0 0.00 0.00
889.0 767.0 0.00 0.00
423.0 450.0 0.00 0.00
964.0 798.0 0.00 0.00
1664.0 31.0 0.00 0.00
1440.0 182.0 0.00 0.00
1063.0 633.0 0.00 0.00
867.0 776.0 0.00 0.00
1455.0 96.0 0.00 0.00
659.0 504.0 0.00 0.00
1760.0 803.0 0.00 0.00
1464.0 897.0 0.00 0.00
927.0 192.0 0.00 0.00
26.0 671.0 0.00 0.00
1213.0 918.0 0.00 0.00
1460.0 681.0 0.00 0.00
1028.0 970.0 0.00 0.00
256.0 309.0 0.00 0.00
1118.0 652.0 0.00 0.00
1395.0 742.0 0.00 0.00
573.0 749.0 0.00 0.00
1432.0 171.0 0.00 0.00
968.0 69.0 0.00 0.00
906.0 669.0 0.00 0.00
350.0 693.0 0.00 0.00
545.0 819.0 0.00 0.00
415.0 184.0 0.00 0.00
1280.0 272.0 0.00 0.00
1579.0 272.0 0.00 0.00
87.0 912.0 0.00 0.00
518.0 638.0 0.00 0.00
1655.0 8.0 0.00 0.00
1554.0 697.0 0.00 0.00
1335.0 895.0 0.00 0.00
1778.0 659.0 0.00 0.00
1105.0 31.0 0.00 0.00
318.0 960.0 0.00 0.00
563.0 971.0 0.00 0.00
1256.0 715.0 0.00 0.00
1247.0 948.0 0.00 0.00
1331.0 664.0 0.00 0.00
1474.0 914.0 0.00 0.00
1121.0 671.0 0.00 0.00
687.0 737.0 0.00 0.00
1119.0 127.0 0.00 0.00
277.0 458.0 0.00 0.00
586.0 714.0 0.00 0.00
532.0 861.0 0.00 0.00
693.0 645.0 0.00 0.00
1502.0 249.0 0.00 0.00
1342.0 314.0 0.00 0.00
199.0 815.0 0.00 0.00
610.0 789.0 0.00 0.00
945.0 698.0 0.00 0.00
1727.0 681.0 0.00 0.00
31.0 1152.0 0.00 0.00
1567.0 308.0 0.00 0.00
647.0 572.0 0.00 0.00
567.0 461.0 0.00 0.00
231.0 72.0 0.00 0.00
1517.0 588.0 0.00 0.00
1569.0 63.0 0.00 0.00
1462.0 151.0 0.00 0.00
1474.0 752.0 0.00 0.00
1450.0 937.0 0.00 0.00
1535.0 351.0 0.00 0.00
130.0 863.0 0.00 0.00
1595.0 1166.0 0.00 0.00
796.0 875.0 0.00 0.00
1445.0 963.0 0.00 0.00
1319.0 773.0 0.00 0.00
824.0 208.0 0.00 0.00
721.0 398.0 0.00 0.00
1332.0 832.0 0.00 0.00
303.0 128.0 0.00 0.00
1580.0 316.0 0.00 0.00
1095.0 544.0 0.00 0.00
490.0 703.0 0.00 0.00
1595.0 943.0 0.00 0.00
511.0 360.0 0.00 0.00
720.0 119.0 0.00 0.00
456.0 246.0 0.00 0.00
1231.0 922.0 0.00 0.00
585.0 120.0 0.00 0.00
990.0 575.0 0.00 0.00
1786.0 437.0 0.00 0.00
1532.0 799.0 0.00 0.00
131.0 848.0 0.00 0.00
1288.0 864.0 0.00 0.00
1612.0 585.0 0.00 0.00
823.0 343.0 0.00 0.00
920.0 679.0 0.00 0.00
168.0 633.0 0.00 0.00
8.0 556.0 0.00 0.00
1612.0 673.0 0.00 0.00
347.0 434.0 0.00 0.00
1315.0 431.0 0.00 0.00
800.0 310.0 0.00 0.00
1245.0 696.0 0.00 0.00
966.0 808.0 0.00 0.00
1760.0 750.0 0.00 0.00
25.0 376.0 0.00 0.00
749.0 800.0 0.00 0.00
917.0 808.0 0.00 0.00
814.0 310.0 0.00 0.00
570.0 785.0 0.00 0.00
150.0 365.0 0.00 0.00
144.0 863.0 0.00 0.00
1597.0 693.0 0.00 0.00
1069.0 633.0 0.00 0.00
560.0 334.0 0.00 0.00
1319.0 495.0 0.00 0.00
962.0 731.0 0.00 0.00
1329.0 763.0 0.00 0.00
687.0 644.0 0.00 0.00
497.0 838.0 0.00 0.00
183.0 191.0 0.00 0.00
1492.0 345.0 0.00 0.00
1045.0 680.0 0.00 0.00
560.0 937.0 0.00 0.00
1249.0 688.0 0.00 0.00
72.0 598.0 0.00 0.00
938.0 879.0 0.00 0.00
121.0 418.0 0.00 0.00
696.0 367.0 0.00 0.00
409.0 921.0 0.00 0.00
791.0 516.0 0.00 0.00
441.0 849.0 0.00 0.00
889.0 703.0 0.00 0.00
1176.0 257.0 0.00 0.00
1298.0 980.0 0.00 0.00
1092.0 631.0 0.00 0.00
872.0 853.0 0.00 0.00
1239.0 151.0 0.00 0.00
1394.0 1190.0 0.00 0.00
319.0 847.0 0.00 0.00
1777.0 316.0 0.00 0.00
1191.0 273.0 0.00 0.00
1175.0 72.0 0.00 0.00
672.0 202.0 0.00 0.00
1680.0 733.0 0.00 0.00
1186.0 789.0 0.00 0.00
1455.0 223.0 0.00 0.00
629.0 674.0 0.00 0.00
1452.0 645.0 0.00 0.00
1073.0 49.0 0.00 0.00
60.0 1149.0 0.00 0.00
1607.0 95.0 0.00 0.00
1298.0 152.0 0.00 0.00
334.0 531.0 0.00 0.00
1559.0 76.0 0.00 0.00
1328.0 381.0 0.00 0.00
143.0 103.0 0.00 0.00
127.0 1095.0 0.00 0.00
168.0 495.0 0.00 0.00
34.0 308.0 0.00 0.00
1104.0 895.0 0.00 0.00
1634.0 51.0 0.00 0.00
1103.0 744.0 0.00 0.00
1617.0 726.0 0.00 0.00
543.0 652.0 0.00 0.00
1053.0 1189.0 0.00 0.00
1467.0 784.0 0.00 0.00
745.0 383.0 0.00 0.00
39.0 288.0 0.00 0.00
950.0 351.0 0.00 0.00
926.0 535.0 0.00 0.00
943.0 869.0 0.00 0.00
1168.0 633.0 0.00 0.00
1631.0 791.0 0.00 0.00
183.0 661.0 0.00 0.00
1549.0 911.0 0.00 0.00
1680.0 962.0 0.00 0.00
764.0 576.0 0.00 0.00
853.0 742.0 0.00 0.00
1436.0 872.0 0.00 0.00
876.0 693.0 0.00 0.00
726.0 224.0 0.00 0.00
895.0 184.0 0.00 0.00
321.0 679.0 0.00 0.00
470.0 752.0 0.00 0.00
1608.0 208.0 0.00 0.00
431.0 728.0 0.00 0.00
1172.0 713.0 0.00 0.00
1734.0 639.0 0.00 0.00
827.0 658.0 0.00 0.00
871.0 407.0 0.00 0.00
197.0 574.0 0.00 0.00
1186.0 683.0 0.00 0.00
1719.0 200.0 0.00 0.00
464.0 623.0 0.00 0.00
1391.0 103.0 0.00 0.00
460.0 529.0 0.00 0.00
38.0 424.0 0.00 0.00
256.0 8.0 0.00 0.00
774.0 63.0 0.00 0.00
1431.0 794.0 0.00 0.00
799.0 488.0 0.00 0.00
928.0 502.0 0.00 0.00
759.0 959.0 0.00 0.00
1041.0 703.0 0.00 0.00
726.0 874.0 0.00 0.00
1096.0 221.0 0.00 0.00
1708.0 299.0 0.00 0.00
131.0 883.0 0.00 0.00
49.0 494.0 0.00 0.00
704.0 243.0 0.00 0.00
439.0 941.0 0.00 0.00
1545.0 597.0 0.00 0.00
102.0 854.0 0.00 0.00
1675.0 665.0 0.00 0.00
1203.0 722.0 0.00 0.00
896.0 489.0 0.00 0.00
152.0 94.0 0.00 0.00
208.0 15.0 0.00 0.00
157.0 973.0 0.00 0.00
1236.0 883.0 0.00 0.00
975.0 384.0 0.00 0.00
828.0 520.0 0.00 0.00
1091.0 936.0 0.00 0.00
1293.0 849.0 0.00 0.00
48.0 926.0 0.00 0.00
248.0 519.0 0.00 0.00
280.0 605.0 0.00 0.00
1311.0 112.0 0.00 0.00
727.0 60.0 0.00 0.00
1104.0 749.0 0.00 0.00
1136.0 677.0 0.00 0.00
1526.0 1108.0 0.00 0.00
735.0 191.0 0.00 0.00
437.0 439.0 0.00 0.00
197.0 928.0 0.00 0.00
1479.0 233.0 0.00 0.00
617.0 814.0 0.00 0.00
824.0 666.0 0.00 0.00
837.0 361.0 0.00 0.00
70.0 323.0 0.00 0.00
888.0 883.0 0.00 0.00
825.0 731.0 0.00 0.00
1176.0 972.0 0.00 0.00
944.0 821.0 0.00 0.00
23.0 878.0 0.00 0.00
599.0 552.0 0.00 0.00
1781.0 275.0 0.00 0.00
1127.0 496.0 0.00 0.00
253.0 553.0 0.00 0.00
551.0 359.0 0.00 0.00
975.0 175.0 0.00 0.00
466.0 862.0 0.00 0.00
1760.0 577.0 0.00 0.00
225.0 656.0 0.00 0.00
646.0 792.0 0.00 0.00
960.0 607.0 0.00 0.00
1595.0 990.0 0.00 0.00
1496.0 319.0 0.00 0.00
532.0 767.0 0.00 0.00
562.0 831.0 0.00 0.00
247.0 496.0 0.00 0.00
990.0 368.0 0.00 0.00
814.0 951.0 0.00 0.00
948.0 868.0 0.00 0.00
1751.0 876.0 0.00 0.00
1271.0 808.0 0.00 0.00
1648.0 306.0 0.00 0.00
1577.0 729.0 0.00 0.00
780.0 297.0 0.00 0.00
165.0 680.0 0.00 0.00
1302.0 643.0 0.00 0.00
808.0 1184.0 0.00 0.00
1626.0 327.0 0.00 0.00
13.0 861.0 0.00 0.00
1269.0 628.0 0.00 0.00
799.0 774.0 0.00 0.00
368.0 359.0 0.00 0.00
706.0 303.0 0.00 0.00
237.0 541.0 0.00 0.00
1512.0 318.0 0.00 0.00
751.0 328.0 0.00 0.00
645.0 615.0 0.00 0.00
982.0 730.0 0.00 0.00
1461.0 761.0 0.00 0.00
1121.0 287.0 0.00 0.00
1760.0 150.0 0.00 0.00
1220.0 923.0 0.00 0.00
305.0 383.0 0.00 0.00
623.0 279.0 0.00 0.00
1734.0 94.0 0.00 0.00
1379.0 308.0 0.00 0.00
141.0 921.0 0.00 0.00
1153.0 656.0 0.00 0.00
175.0 580.0 0.00 0.00
1027.0 735.0 0.00 0.00
368.0 489.0 0.00 0.00
1640.0 646.0 0.00 0.00
419.0 1135.0 0.00 0.00
568.0 486.0 0.00 0.00
1248.0 79.0 0.00 0.00
282.0 543.0 0.00 0.00
366.0 810.0 0.00 0.00
923.0 1191.0 0.00 0.00
558.0 973.0 0.00 0.00
376.0 713.0 0.00 0.00
918.0 704.0 0.00 0.00
535.0 855.0 0.00 0.00
1438.0 292.0 0.00 0.00
1761.0 401.0 0.00 0.00
1435.0 866.0 0.00 0.00
27.0 758.0 0.00 0.00
537.0 582.0 0.00 0.00
745.0 263.0 0.00 0.00
1047.0 360.0 0.00 0.00
247.0 71.0 0.00 0.00
1714.0 797.0 0.00 0.00
1424.0 37.0 0.00 0.00
1367.0 192.0 0.00 0.00
672.0 616.0 0.00 0.00
631.0 344.0 0.00 0.00
780.0 859.0 0.00 0.00
1167.0 184.0 0.00 0.00
481.0 549.0 0.00 0.00
456.0 795.0 0.00 0.00
1668.0 822.0 0.00 0.00
977.0 857.0 0.00 0.00
706.0 606.0 0.00 0.00
528.0 294.0 0.00 0.00
1599.0 342.0 0.00 0.00
102.0 806.0 0.00 0.00
1539.0 611.0 0.00 0.00
958.0 643.0 0.00 0.00
672.0 495.0 0.00 0.00
1056.0 463.0 0.00 0.00
1578.0 702.0 0.00 0.00
927.0 166.0 0.00 0.00
1166.0 813.0 0.00 0.00
1087.0 432.0 0.00 0.00
545.0 526.0 0.00 0.00
1437.0 903.0 0.00 0.00
488.0 869.0 0.00 0.00
599.0 564.0 0.00 0.00
640.0 479.0 0.00 0.00
215.0 320.0 0.00 0.00
897.0 206.0 0.00 0.00
799.0 110.0 0.00 0.00
1663.0 167.0 0.00 0.00
396.0 1123.0 0.00 0.00
584.0 287.0 0.00 0.00
1167.0 431.0 0.00 0.00
1008.0 430.0 0.00 0.00
1100.0 692.0 0.00 0.00
37.0 655.0 0.00 0.00
1110.0 289.0 0.00 0.00
800.0 715.0 0.00 0.00
563.0 948.0 0.00 0.00
1007.0 607.0 0.00 0.00
672.0 714.0 0.00 0.00
1088.0 120.0 0.00 0.00
1294.0 904.0 0.00 0.00
1774.0 987.0 0.00 0.00
135.0 1121.0 0.00 0.00
1340.0 848.0 0.00 0.00
976.0 551.0 0.00 0.00
1514.0 694.0 0.00 0.00
1311.0 87.0 0.00 0.00
1587.0 687.0 0.00 0.00
1694.0 450.0 0.00 0.00
16.0 315.0 0.00 0.00
1361.0 482.0 0.00 0.00
616.0 335.0 0.00 0.00
1329.0 62.0 0.00 0.00
1308.0 993.0 0.00 0.00
831.0 766.0 0.00 0.00
529.0 962.0 0.00 0.00
205.0 508.0 0.00 0.00
559.0 528.0 0.00 0.00
640.0 495.0 0.00 0.00
1168.0 152.0 0.00 0.00
33.0 351.0 0.00 0.00
1057.0 925.0 0.00 0.00
157.0 795.0 0.00 0.00
112.0 847.0 0.00 0.00
927.0 807.0 0.00 0.00
365.0 784.0 0.00 0.00
671.0 40.0 0.00 0.00
779.0 898.0 0.00 0.00
409.0 1168.0 0.00 0.00
1178.0 882.0 0.00 0.00
624.0 264.0 0.00 0.00
1232.0 65.0 0.00 0.00
1647.0 773.0 0.00 0.00
1006.0 898.0 0.00 0.00
1344.0 40.0 0.00 0.00
1002.0 725.0 0.00 0.00
1633.0 297.0 0.00 0.00
1229.0 823.0 0.00 0.00
369.0 563.0 0.00 0.00
1515.0 956.0 0.00 0.00
152.0 720.0 0.00 0.00
269.0 327.0 0.00 0.00
535.0 336.0 0.00 0.00
1294.0 725.0 0.00 0.00
919.0 176.0 0.00 0.00
1520.0 79.0 0.00 0.00
999.0 49.0 0.00 0.00
743.0 71.0 0.00 0.00
63.0 666.0 0.00 0.00
1322.0 247.0 0.00 0.00
264.0 259.0 0.00 0.00
1483.0 724.0 0.00 0.00
1561.0 575.0 0.00 0.00
1278.0 384.0 0.00 0.00
239.0 520.0 0.00 0.00
1455.0 167.0 0.00 0.00
979.0 640.0 0.00 0.00
1446.0 888.0 0.00 0.00
39.0 304.0 0.00 0.00
1301.0 616.0 0.00 0.00
1524.0 357.0 0.00 0.00
1095.0 560.0 0.00 0.00
984.0 447.0 0.00 0.00
1627.0 266.0 0.00 0.00
707.0 617.0 0.00 0.00
1392.0 215.0 0.00 0.00
1616.0 171.0 0.00 0.00
8.0 438.0 0.00 0.00
1487.0 23.0 0.00 0.00
135.0 191.0 0.00 0.00
128.0 424.0 0.00 0.00
1031.0 81.0 0.00 0.00
629.0 841.0 0.00 0.00
824.0 841.0 0.00 0.00
583.0 703.0 0.00 0.00
1444.0 423.0 0.00 0.00
522.0 682.0 0.00 0.00
1635.0 856.0 0.00 0.00
525.0 1191.0 0.00 0.00
833.0 602.0 0.00 0.00
1331.0 128.0 0.00 0.00
1478.0 724.0 0.00 0.00
680.0 479.0 0.00 0.00
1669.0 711.0 0.00 0.00
1521.0 110.0 0.00 0.00
600.0 748.0 0.00 0.00
103.0 176.0 0.00 0.00
1748.0 836.0 0.00 0.00
1194.0 821.0 0.00 0.00
1756.0 928.0 0.00 0.00
1647.0 49.0 0.00 0.00
280.0 581.0 0.00 0.00
478.0 860.0 0.00 0.00
432.0 527.0 0.00 0.00
691.0 976.0 0.00 0.00
204.0 607.0 0.00 0.00
567.0 933.0 0.00 0.00
412.0 1120.0 0.00 0.00
496.0 704.0 0.00 0.00
239.0 252.0 0.00 0.00
1621.0 462.0 0.00 0.00
937.0 799.0 0.00 0.00
41.0 1188.0 0.00 0.00
1526.0 928.0 0.00 0.00
621.0 791.0 0.00 0.00
1468.0 800.0 0.00 0.00
363.0 552.0 0.00 0.00
199.0 264.0 0.00 0.00
137.0 714.0 0.00 0.00
437.0 895.0 0.00 0.00
335.0 113.0 0.00 0.00
1600.0 497.0 0.00 0.00
255.0 335.0 0.00 0.00
360.0 400.0 0.00 0.00
721.0 683.0 0.00 0.00
1129.0 711.0 0.00 0.00
1290.0 898.0 0.00 0.00
1231.0 255.0 0.00 0.00
1206.0 599.0 0.00 0.00
1533.0 804.0 0.00 0.00
34.0 467.0 0.00 0.00
694.0 740.0 0.00 0.00
315.0 914.0 0.00 0.00
384.0 255.0 0.00 0.00
1520.0 19.0 0.00 0.00
583.0 240.0 0.00 0.00
471.0 407.0 0.00 0.00
312.0 669.0 0.00 0.00
1328.0 740.0 0.00 0.00
663.0 659.0 0.00 0.00
1162.0 681.0 0.00 0.00
408.0 22.0 0.00 0.00
525.0 609.0 0.00 0.00
1040.0 80.0 0.00 0.00
543.0 351.0 0.00 0.00
986.0 928.0 0.00 0.00
928.0 663.0 0.00 0.00
1786.0 870.0 0.00 0.00
1256.0 919.0 0.00 0.00
479.0 569.0 0.00 0.00
687.0 1001.0 0.00 0.00
241.0 337.0 0.00 0.00
1643.0 559.0 0.00 0.00
1658.0 734.0 0.00 0.00
1627.0 672.0 0.00 0.00
1598.0 525.0 0.00 0.00
238.0 701.0 0.00 0.00
318.0 863.0 0.00 0.00
649.0 719.0 0.00 0.00
191.0 103.0 0.00 0.00
1514.0 660.0 0.00 0.00
1159.0 50.0 0.00 0.00
1192.0 583.0 0.00 0.00
764.0 1177.0 0.00 0.00
1104.0 177.0 0.00 0.00
936.0 712.0 0.00 0.00
1744.0 127.0 0.00 0.00
1171.0 591.0 0.00 0.00
60.0 772.0 0.00 0.00
1005.0 823.0 0.00 0.00
1070.0 199.0 0.00 0.00
685.0 1118.0 0.00 0.00
1525.0 233.0 0.00 0.00
1570.0 813.0 0.00 0.00
1316.0 426.0 0.00 0.00
408.0 198.0 0.00 0.00
787.0 864.0 0.00 0.00
145.0 444.0 0.00 0.00
1080.0 616.0 0.00 0.00
368.0 946.0 0.00 0.00
147.0 522.0 0.00 0.00
1473.0 644.0 0.00 0.00
1432.0 62.0 0.00 0.00
440.0 693.0 0.00 0.00
318.0 143.0 0.00 0.00
1184.0 71.0 0.00 0.00
1465.0 182.0 0.00 0.00
266.0 480.0 0.00 0.00
376.0 554.0 0.00 0.00
235.0 669.0 0.00 0.00
271.0 783.0 0.00 0.00
267.0 1190.0 0.00 0.00
391.0 769.0 0.00 0.00
792.0 33.0 0.00 0.00
317.0 1181.0 0.00 0.00
480.0 406.0 0.00 0.00
876.0 717.0 0.00 0.00
1071.0 87.0 0.00 0.00
1666.0 8.0 0.00 0.00
1248.0 159.0 0.00 0.00
1711.0 687.0 0.00 0.00
1791.0 913.0 0.00 0.00
850.0 928.0 0.00 0.00
1119.0 1082.0 0.00 0.00
976.0 535.0 0.00 0.00
53.0 632.0 0.00 0.00
1551.0 40.0 0.00 0.00
1350.0 706.0 0.00 0.00
1120.0 158.0 0.00 0.00
1199.0 575.0 0.00 0.00
978.0 822.0 0.00 0.00
1394.0 973.0 0.00 0.00
1135.0 497.0 0.00 0.00
1284.0 144.0 0.00 0.00
368.0 425.0 0.00 0.00
964.0 844.0 0.00 0.00
559.0 279.0 0.00 0.00
576.0 455.0 0.00 0.00
864.0 623.0 0.00 0.00
394.0 1191.0 0.00 0.00
1266.0 993.0 0.00 0.00
1632.0 144.0 0.00 0.00
438.0 249.0 0.00 0.00
1043.0 634.0 0.00 0.00
1103.0 255.0 0.00 0.00
279.0 175.0 0.00 0.00
548.0 600.0 0.00 0.00
121.0 538.0 0.00 0.00
1051.0 472.0 0.00 0.00
1247.0 479.0 0.00 0.00
815.0 899.0 0.00 0.00
147.0 530.0 0.00 0.00
946.0 1164.0 0.00 0.00
695.0 288.0 0.00 0.00
1159.0 176.0 0.00 0.00
873.0 159.0 0.00 0.00
1614.0 15.0 0.00 0.00
1623.0 1120.0 0.00 0.00
432.0 175.0 0.00 0.00
263.0 934.0 0.00 0.00
338.0 351.0 0.00 0.00
199.0 359.0 0.00 0.00
782.0 739.0 0.00 0.00
1280.0 191.0 0.00 0.00
374.0 874.0 0.00 0.00
1017.0 521.0 0.00 0.00
313.0 510.0 0.00 0.00
447.0 783.0 0.00 0.00
1088.0 687.0 0.00 0.00
927.0 440.0 0.00 0.00
165.0 690.0 0.00 0.00
896.0 535.0 0.00 0.00
1041.0 470.0 0.00 0.00
1175.0 980.0 0.00 0.00
1669.0 70.0 0.00 0.00
1789.0 227.0 0.00 0.00
1510.0 344.0 0.00 0.00
56.0 479.0 0.00 0.00
535.0 535.0 0.00 0.00
1045.0 933.0 0.00 0.00
472.0 1184.0 0.00 0.00
1637.0 880.0 0.00 0.00
1256.0 367.0 0.00 0.00
511.0 463.0 0.00 0.00
167.0 51.0 0.00 0.00
374.0 255.0 0.00 0.00
524.0 829.0 0.00 0.00
802.0 653.0 0.00 0.00
1063.0 343.0 0.00 0.00
916.0 911.0 0.00 0.00
1240.0 789.0 0.00 0.00
1487.0 112.0 0.00 0.00
16.0 488.0 0.00 0.00
1735.0 1177.0 0.00 0.00
412.0 631.0 0.00 0.00
268.0 720.0 0.00 0.00
220.0 481.0 0.00 0.00
299.0 582.0 0.00 0.00
103.0 95.0 0.00 0.00
1429.0 225.0 0.00 0.00
661.0 745.0 0.00 0.00
1376.0 371.0 0.00 0.00
1246.0 957.0 0.00 0.00
108.0 336.0 0.00 0.00
1654.0 550.0 0.00 0.00
1464.0 926.0 0.00 0.00
1523.0 886.0 0.00 0.00
223.0 263.0 0.00 0.00
1674.0 183.0 0.00 0.00
575.0 247.0 0.00 0.00
1662.0 794.0 0.00 0.00
1448.0 661.0 0.00 0.00
1767.0 159.0 0.00 0.00
599.0 455.0 0.00 0.00
1607.0 39.0 0.00 0.00
72.0 1158.0 0.00 0.00
1415.0 184.0 0.00 0.00
1680.0 8.0 0.00 0.00
1648.0 110.0 0.00 0.00
678.0 921.0 0.00 0.00
495.0 463.0 0.00 0.00
1056.0 175.0 0.00 0.00
233.0 898.0 0.00 0.00
1789.0 773.0 0.00 0.00
564.0 726.0 0.00 0.00
310.0 937.0 0.00 0.00
1186.0 511.0 0.00 0.00
1713.0 734.0 0.00 0.00
1211.0 800.0 0.00 0.00
768.0 479.0 0.00 0.00
1693.0 414.0 0.00 0.00
1023.0 255.0 0.00 0.00
1676.0 293.0 0.00 0.00
1318.0 71.0 0.00 0.00
1321.0 528.0 0.00 0.00
1186.0 848.0 0.00 0.00
719.0 285.0 0.00 0.00
871.0 193.0 0.00 0.00
552.0 239.0 0.00 0.00
192.0 255.0 0.00 0.00
192.0 90.0 0.00 0.00
1719.0 640.0 0.00 0.00
1175.0 519.0 0.00 0.00
919.0 513.0 0.00 0.00
1447.0 127.0 0.00 0.00
786.0 959.0 0.00 0.00
1616.0 87.0 0.00 0.00
417.0 222.0 0.00 0.00
223.0 706.0 0.00 0.00
283.0 953.0 0.00 0.00
1200.0 457.0 0.00 0.00
933.0 665.0 0.00 0.00
1524.0 901.0 0.00 0.00
1093.0 727.0 0.00 0.00
655.0 391.0 0.00 0.00
418.0 540.0 0.00 0.00
1336.0 868.0 0.00 0.00
576.0 582.0 0.00 0.00
599.0 231.0 0.00 0.00
1728.0 664.0 0.00 0.00
1297.0 754.0 0.00 0.00
1235.0 661.0 0.00 0.00
1537.0 82.0 0.00 0.00
839.0 103.0 0.00 0.00
916.0 837.0 0.00 0.00
88.0 487.0 0.00 0.00
600.0 480.0 0.00 0.00
257.0 528.0 0.00 0.00
527.0 255.0 0.00 0.00
944.0 296.0 0.00 0.00
679.0 167.0 0.00 0.00
1439.0 238.0 0.00 0.00
839.0 1154.0 0.00 0.00
1143.0 176.0 0.00 0.00
1325.0 446.0 0.00 0.00
1312.0 216.0 0.00 0.00
215.0 80.0 0.00 0.00
1056.0 250.0 0.00 0.00
1778.0 846.0 0.00 0.00
1110.0 536.0 0.00 0.00
1631.0 446.0 0.00 0.00
1757.0 966.0 0.00 0.00
1407.0 263.0 0.00 0.00
491.0 793.0 0.00 0.00
1628.0 340.0 0.00 0.00
108.0 923.0 0.00 0.00
840.0 197.0 0.00 0.00
1343.0 183.0 0.00 0.00
904.0 853.0 0.00 0.00
1673.0 678.0 0.00 0.00
704.0 375.0 0.00 0.00
796.0 887.0 0.00 0.00
1383.0 40.0 0.00 0.00
776.0 487.0 0.00 0.00
1478.0 974.0 0.00 0.00
355.0 746.0 0.00 0.00
1583.0 702.0 0.00 0.00
1223.0 576.0 0.00 0.00
17.0 680.0 0.00 0.00
95.0 414.0 0.00 0.00
311.0 296.0 0.00 0.00
1543.0 805.0 0.00 0.00
1251.0 1170.0 0.00 0.00
1263.0 151.0 0.00 0.00
1757.0 934.0 0.00 0.00
1519.0 315.0 0.00 0.00
1098.0 239.0 0.00 0.00
947.0 693.0 0.00 0.00
247.0 55.0 0.00 0.00
1167.0 303.0 0.00 0.00
1654.0 900.0 0.00 0.00
1037.0 198.0 0.00 0.00
1215.0 725.0 0.00 0.00
1270.0 1100.0 0.00 0.00
798.0 808.0 0.00 0.00
519.0 741.0 0.00 0.00
1547.0 725.0 0.00 0.00
368.0 216.0 0.00 0.00
277.0 647.0 0.00 0.00
597.0 641.0 0.00 0.00
1176.0 560.0 0.00 0.00
669.0 604.0 0.00 0.00
616.0 1150.0 0.00 0.00
443.0 215.0 0.00 0.00
753.0 668.0 0.00 0.00
921.0 656.0 0.00 0.00
463.0 327.0 0.00 0.00
999.0 616.0 0.00 0.00
530.0 952.0 0.00 0.00
599.0 652.0 0.00 0.00
479.0 392.0 0.00 0.00
1165.0 657.0 0.00 0.00
1312.0 158.0 0.00 0.00
461.0 774.0 0.00 0.00
348.0 848.0 0.00 0.00
1654.0 185.0 0.00 0.00
480.0 32.0 0.00 0.00
1619.0 793.0 0.00 0.00
211.0 599.0 0.00 0.00
524.0 649.0 0.00 0.00
354.0 151.0 0.00 0.00
349.0 557.0 0.00 0.00
305.0 165.0 0.00 0.00
384.0 351.0 0.00 0.00
1173.0 925.0 0.00 0.00
1119.0 391.0 0.00 0.00
1100.0 795.0 0.00 0.00
117.0 722.0 0.00 0.00
671.0 295.0 0.00 0.00
415.0 103.0 0.00 0.00
1672.0 259.0 0.00 0.00
244.0 979.0 0.00 0.00
1183.0 725.0 0.00 0.00
983.0 416.0 0.00 0.00
738.0 630.0 0.00 0.00
607.0 440.0 0.00 0.00
654.0 48.0 0.00 0.00
1539.0 962.0 0.00 0.00
215.0 280.0 0.00 0.00
1440.0 601.0 0.00 0.00
1634.0 824.0 0.00 0.00
912.0 278.0 0.00 0.00
583.0 663.0 0.00 0.00
639.0 408.0 0.00 0.00
40.0 156.0 0.00 0.00
1103.0 864.0 0.00 0.00
736.0 385.0 0.00 0.00
1760.0 207.0 0.00 0.00
1633.0 927.0 0.00 0.00
1716.0 780.0 0.00 0.00
905.0 735.0 0.00 0.00
500.0 614.0 0.00 0.00
548.0 922.0 0.00 0.00
1263.0 160.0 0.00 0.00
1522.0 574.0 0.00 0.00
320.0 830.0 0.00 0.00
799.0 367.0 0.00 0.00
1368.0 143.0 0.00 0.00
1063.0 151.0 0.00 0.00
529.0 1148.0 0.00 0.00
1047.0 598.0 0.00 0.00
1632.0 748.0 0.00 0.00
1304.0 272.0 0.00 0.00
734.0 527.0 0.00 0.00
1689.0 242.0 0.00 0.00
1559.0 823.0 0.00 0.00
1489.0 1169.0 0.00 0.00
663.0 812.0 0.00 0.00
767.0 352.0 0.00 0.00
1490.0 543.0 0.00 0.00
383.0 666.0 0.00 0.00
208.0 111.0 0.00 0.00
917.0 798.0 0.00 0.00
760.0 80.0 0.00 0.00
738.0 698.0 0.00 0.00
1784.0 118.0 0.00 0.00
592.0 576.0 0.00 0.00
1065.0 688.0 0.00 0.00
767.0 240.0 0.00 0.00
1211.0 847.0 0.00 0.00
1539.0 900.0 0.00 0.00
165.0 535.0 0.00 0.00
1479.0 700.0 0.00 0.00
829.0 818.0 0.00 0.00
89.0 677.0 0.00 0.00
1760.0 245.0 0.00 0.00
704.0 98.0 0.00 0.00
296.0 1100.0 0.00 0.00
1617.0 53.0 0.00 0.00
1316.0 445.0 0.00 0.00
351.0 117.0 0.00 0.00
1676.0 575.0 0.00 0.00
1535.0 48.0 0.00 0.00
1603.0 915.0 0.00 0.00
1671.0 637.0 0.00 0.00
640.0 100.0 0.00 0.00
1474.0 938.0 0.00 0.00
816.0 534.0 0.00 0.00
268.0 587.0 0.00 0.00
184.0 499.0 0.00 0.00
1651.0 265.0 0.00 0.00
281.0 569.0 0.00 0.00
791.0 958.0 0.00 0.00
495.0 562.0 0.00 0.00
230.0 14.0 0.00 0.00
713.0 223.0 0.00 0.00
269.0 734.0 0.00 0.00
1396.0 917.0 0.00 0.00
639.0 175.0 0.00 0.00
1286.0 1110.0 0.00 0.00
1052.0 915.0 0.00 0.00
1282.0 520.0 0.00 0.00
639.0 746.0 0.00 0.00
1216.0 599.0 0.00 0.00
1296.0 746.0 0.00 0.00
639.0 583.0 0.00 0.00
950.0 135.0 0.00 0.00
1743.0 762.0 0.00 0.00
1791.0 934.0 0.00 0.00
910.0 662.0 0.00 0.00
1365.0 768.0 0.00 0.00
1743.0 183.0 0.00 0.00
1332.0 852.0 0.00 0.00
987.0 716.0 0.00 0.00
448.0 1063.0 0.00 0.00
1760.0 631.0 0.00 0.00
174.0 696.0 0.00 0.00
678.0 643.0 0.00 0.00
912.0 294.0 0.00 0.00
839.0 675.0 0.00 0.00
1552.0 48.0 0.00 0.00
1686.0 359.0 0.00 0.00
1631.0 159.0 0.00 0.00
1601.0 256.0 0.00 0.00
965.0 957.0 0.00 0.00
1657.0 95.0 0.00 0.00
727.0 312.0 0.00 0.00
664.0 447.0 0.00 0.00
1255.0 273.0 0.00 0.00
1415.0 255.0 0.00 0.00
946.0 668.0 0.00 0.00
610.0 240.0 0.00 0.00
304.0 662.0 0.00 0.00
312.0 782.0 0.00 0.00
28.0 461.0 0.00 0.00
935.0 568.0 0.00 0.00
1605.0 304.0 0.00 0.00
1482.0 789.0 0.00 0.00
1232.0 239.0 0.00 0.00
516.0 974.0 0.00 0.00
599.0 261.0 0.00 0.00
1295.0 47.0 0.00 0.00
1295.0 933.0 0.00 0.00
1557.0 800.0 0.00 0.00
688.0 424.0 0.00 0.00
1368.0 176.0 0.00 0.00
888.0 77.0 0.00 0.00
49.0 949.0 0.00 0.00
1652.0 667.0 0.00 0.00
216.0 510.0 0.00 0.00
190.0 641.0 0.00 0.00
910.0 160.0 0.00 0.00
1008.0 927.0 0.00 0.00
1615.0 928.0 0.00 0.00
1590.0 641.0 0.00 0.00
1111.0 191.0 0.00 0.00
1470.0 246.0 0.00 0.00
1495.0 223.0 0.00 0.00
232.0 356.0 0.00 0.00
1247.0 66.0 0.00 0.00
1336.0 932.0 0.00 0.00
1535.0 495.0 0.00 0.00
491.0 224.0 0.00 0.00
47.0 380.0 0.00 0.00
931.0 655.0 0.00 0.00
1196.0 713.0 0.00 0.00
169.0 921.0 0.00 0.00
288.0 370.0 0.00 0.00
1317.0 470.0 0.00 0.00
1232.0 600.0 0.00 0.00
135.0 319.0 0.00 0.00
329.0 739.0 0.00 0.00
344.0 978.0 0.00 0.00
1631.0 60.0 0.00 0.00
816.0 366.0 0.00 0.00
671.0 191.0 0.00 0.00
631.0 736.0 0.00 0.00
1742.0 234.0 0.00 0.00
583.0 487.0 0.00 0.00
1703.0 217.0 0.00 0.00
1646.0 734.0 0.00 0.00
691.0 659.0 0.00 0.00
1160.0 319.0 0.00 0.00
930.0 742.0 0.00 0.00
384.0 183.0 0.00 0.00
1733.0 545.0 0.00 0.00
784.0 622.0 0.00 0.00
1127.0 604.0 0.00 0.00
991.0 512.0 0.00 0.00
687.0 544.0 0.00 0.00
870.0 544.0 0.00 0.00
879.0 983.0 0.00 0.00
1611.0 685.0 0.00 0.00
226.0 638.0 0.00 0.00
617.0 600.0 0.00 0.00
767.0 208.0 0.00 0.00
18.0 816.0 0.00 0.00
328.0 136.0 0.00 0.00
1022.0 861.0 0.00 0.00
1051.0 755.0 0.00 0.00
429.0 748.0 0.00 0.00
1245.0 900.0 0.00 0.00
1375.0 328.0 0.00 0.00
1269.0 921.0 0.00 0.00
1110.0 550.0 0.00 0.00
108.0 950.0 0.00 0.00
543.0 767.0 0.00 0.00
571.0 898.0 0.00 0.00
1534.0 830.0 0.00 0.00
672.0 819.0 0.00 0.00
42.0 586.0 0.00 0.00
1607.0 271.0 0.00 0.00
864.0 726.0 0.00 0.00
732.0 670.0 0.00 0.00
942.0 222.0 0.00 0.00
1223.0 120.0 0.00 0.00
1566.0 48.0 0.00 0.00
1784.0 823.0 0.00 0.00
118.0 792.0 0.00 0.00
375.0 344.0 0.00 0.00
1751.0 86.0 0.00 0.00
287.0 629.0 0.00 0.00
606.0 51.0 0.00 0.00
880.0 743.0 0.00 0.00
792.0 159.0 0.00 0.00
614.0 749.0 0.00 0.00
1063.0 327.0 0.00 0.00
557.0 611.0 0.00 0.00
462.0 391.0 0.00 0.00
457.0 913.0 0.00 0.00
1538.0 323.0 0.00 0.00
213.0 709.0 0.00 0.00
598.0 832.0 0.00 0.00
663.0 544.0 0.00 0.00
1071.0 464.0 0.00 0.00
321.0 1190.0 0.00 0.00
295.0 143.0 0.00 0.00
400.0 775.0 0.00 0.00
1143.0 232.0 0.00 0.00
1176.0 625.0 0.00 0.00
862.0 399.0 0.00 0.00
13.0 496.0 0.00 0.00
408.0 147.0 0.00 0.00
343.0 426.0 0.00 0.00
1465.0 208.0 0.00 0.00
1439.0 170.0 0.00 0.00
1325.0 671.0 0.00 0.00
1479.0 192.0 0.00 0.00
1216.0 102.0 0.00 0.00
71.0 71.0 0.00 0.00
496.0 358.0 0.00 0.00
1315.0 436.0 0.00 0.00
607.0 808.0 0.00 0.00
968.0 400.0 0.00 0.00
936.0 200.0 0.00 0.00
848.0 448.0 0.00 0.00
242.0 887.0 0.00 0.00
575.0 408.0 0.00 0.00
54.0 271.0 0.00 0.00
1189.0 665.0 0.00 0.00
643.0 886.0 0.00 0.00
1183.0 359.0 0.00 0.00
807.0 288.0 0.00 0.00
296.0 619.0 0.00 0.00
79.0 903.0 0.00 0.00
1111.0 1164.0 0.00 0.00
1026.0 105.0 0.00 0.00
444.0 840.0 0.00 0.00
1214.0 527.0 0.00 0.00
1224.0 974.0 0.00 0.00
959.0 359.0 0.00 0.00
1128.0 351.0 0.00 0.00
445.0 832.0 0.00 0.00
1483.0 803.0 0.00 0.00
590.0 598.0 0.00 0.00
1598.0 70.0 0.00 0.00
735.0 296.0 0.00 0.00
943.0 391.0 0.00 0.00
1591.0 127.0 0.00 0.00
1605.0 951.0 0.00 0.00
1288.0 848.0 0.00 0.00
479.0 1188.0 0.00 0.00
583.0 939.0 0.00 0.00
1593.0 315.0 0.00 0.00
446.0 448.0 0.00 0.00
996.0 400.0 0.00 0.00
1328.0 195.0 0.00 0.00
687.0 319.0 0.00 0.00
1260.0 734.0 0.00 0.00
1239.0 32.0 0.00 0.00
571.0 922.0 0.00 0.00
1568.0 648.0 0.00 0.00
1510.0 844.0 0.00 0.00
330.0 414.0 0.00 0.00
408.0 9.0 0.00 0.00
605.0 535.0 0.00 0.00
1512.0 589.0 0.00 0.00
1150.0 775.0 0.00 0.00
402.0 1107.0 0.00 0.00
1591.0 141.0 0.00 0.00
130.0 878.0 0.00 0.00
728.0 574.0 0.00 0.00
205.0 477.0 0.00 0.00
696.0 355.0 0.00 0.00
539.0 1182.0 0.00 0.00
932.0 984.0 0.00 0.00
204.0 40.0 0.00 0.00
1626.0 317.0 0.00 0.00
1023.0 431.0 0.00 0.00
1104.0 471.0 0.00 0.00
396.0 592.0 0.00 0.00
1622.0 1167.0 0.00 0.00
702.0 129.0 0.00 0.00
1625.0 504.0 0.00 0.00
1149.0 1150.0 0.00 0.00
967.0 119.0 0.00 0.00
496.0 286.0 0.00 0.00
664.0 885.0 0.00 0.00
367.0 302.0 0.00 0.00
1294.0 801.0 0.00 0.00
718.0 921.0 0.00 0.00
784.0 689.0 0.00 0.00
1116.0 803.0 0.00 0.00
888.0 544.0 0.00 0.00
1240.0 46.0 0.00 0.00
1060.0 653.0 0.00 0.00
143.0 50.0 0.00 0.00
247.0 524.0 0.00 0.00
38.0 1043.0 0.00 0.00
527.0 176.0 0.00 0.00
1778.0 835.0 0.00 0.00
1267.0 737.0 0.00 0.00
457.0 845.0 0.00 0.00
223.0 610.0 0.00 0.00
744.0 811.0 0.00 0.00
1763.0 836.0 0.00 0.00
79.0 738.0 0.00 0.00
1183.0 750.0 0.00 0.00
1065.0 648.0 0.00 0.00
696.0 618.0 0.00 0.00
1017.0 914.0 0.00 0.00
340.0 249.0 0.00 0.00
661.0 626.0 0.00 0.00
345.0 916.0 0.00 0.00
1102.0 1183.0 0.00 0.00
833.0 347.0 0.00 0.00
847.0 790.0 0.00 0.00
1590.0 611.0 0.00 0.00
573.0 736.0 0.00 0.00
1149.0 840.0 0.00 0.00
19.0 507.0 0.00 0.00
1301.0 655.0 0.00 0.00
585.0 898.0 0.00 0.00
767.0 304.0 0.00 0.00
465.0 744.0 0.00 0.00
1311.0 948.0 0.00 0.00
1348.0 403.0 0.00 0.00
952.0 586.0 0.00 0.00
1160.0 599.0 0.00 0.00
1661.0 771.0 0.00 0.00
704.0 208.0 0.00 0.00
637.0 805.0 0.00 0.00
144.0 546.0 0.00 0.00
1531.0 285.0 0.00 0.00
1629.0 821.0 0.00 0.00
1221.0 750.0 0.00 0.00
239.0 304.0 0.00 0.00
975.0 624.0 0.00 0.00
1103.0 121.0 0.00 0.00
