4096 128
1201.0 746.0 0.00 0.00
89.0 711.0 0.00 0.00
1200.0 770.0 0.00 0.00
864.0 940.0 0.00 0.00
774.0 787.0 0.00 0.00
892.0 788.0 0.00 0.00
1703.0 703.0 0.00 0.00
980.0 860.0 0.00 0.00
1242.0 803.0 0.00 0.00
110.0 936.0 0.00 0.00
1112.0 900.0 0.00 0.00
866.0 757.0 0.00 0.00
49.0 314.0 0.00 0.00
640.0 856.0 0.00 0.00
823.0 663.0 0.00 0.00
847.0 770.0 0.00 0.00
844.0 887.0 0.00 0.00
922.0 899.0 0.00 0.00
508.0 569.0 0.00 0.00
1111.0 889.0 0.00 0.00
671.0 491.0 0.00 0.00
935.0 864.0 0.00 0.00
487.0 720.0 0.00 0.00
223.0 722.0 0.00 0.00
880.0 807.0 0.00 0.00
764.0 786.0 0.00 0.00
61.0 655.0 0.00 0.00
603.0 754.0 0.00 0.00
1044.0 671.0 0.00 0.00
706.0 484.0 0.00 0.00
1329.0 691.0 0.00 0.00
1490.0 760.0 0.00 0.00
822.0 681.0 0.00 0.00
1312.0 795.0 0.00 0.00
657.0 872.0 0.00 0.00
1207.0 919.0 0.00 0.00
720.0 872.0 0.00 0.00
1012.0 861.0 0.00 0.00
784.0 555.0 0.00 0.00
881.0 711.0 0.00 0.00
109.0 372.0 0.00 0.00
1364.0 626.0 0.00 0.00
47.0 432.0 0.00 0.00
558.0 535.0 0.00 0.00
879.0 790.0 0.00 0.00
244.0 941.0 0.00 0.00
1600.0 973.0 0.00 0.00
269.0 520.0 0.00 0.00
1082.0 607.0 0.00 0.00
922.0 951.0 0.00 0.00
1044.0 685.0 0.00 0.00
83.0 933.0 0.00 0.00
1478.0 760.0 0.00 0.00
1144.0 660.0 0.00 0.00
327.0 565.0 0.00 0.00
846.0 926.0 0.00 0.00
118.0 344.0 0.00 0.00
909.0 951.0 0.00 0.00
274.0 504.0 0.00 0.00
1233.0 958.0 0.00 0.00
1551.0 617.0 0.00 0.00
1276.0 799.0 0.00 0.00
590.0 752.0 0.00 0.00
1148.0 938.0 0.00 0.00
626.0 469.0 0.00 0.00
466.0 626.0 0.00 0.00
1655.0 581.0 0.00 0.00
781.0 515.0 0.00 0.00
1590.0 856.0 0.00 0.00
474.0 733.0 0.00 0.00
314.0 716.0 0.00 0.00
568.0 390.0 0.00 0.00
1471.0 735.0 0.00 0.00
39.0 771.0 0.00 0.00
140.0 514.0 0.00 0.00
525.0 611.0 0.00 0.00
1006.0 660.0 0.00 0.00
880.0 757.0 0.00 0.00
54.0 706.0 0.00 0.00
393.0 419.0 0.00 0.00
399.0 336.0 0.00 0.00
552.0 591.0 0.00 0.00
312.0 474.0 0.00 0.00
1660.0 658.0 0.00 0.00
1562.0 591.0 0.00 0.00
737.0 804.0 0.00 0.00
688.0 1181.0 0.00 0.00
1184.0 925.0 0.00 0.00
1115.0 938.0 0.00 0.00
1111.0 877.0 0.00 0.00
1656.0 261.0 0.00 0.00
1146.0 730.0 0.00 0.00
482.0 673.0 0.00 0.00
823.0 589.0 0.00 0.00
1100.0 924.0 0.00 0.00
716.0 458.0 0.00 0.00
766.0 622.0 0.00 0.00
1275.0 903.0 0.00 0.00
476.0 648.0 0.00 0.00
879.0 876.0 0.00 0.00
1347.0 629.0 0.00 0.00
158.0 391.0 0.00 0.00
1286.0 872.0 0.00 0.00
144.0 299.0 0.00 0.00
837.0 448.0 0.00 0.00
1063.0 959.0 0.00 0.00
514.0 610.0 0.00 0.00
880.0 664.0 0.00 0.00
528.0 596.0 0.00 0.00
1421.0 677.0 0.00 0.00
14.0 952.0 0.00 0.00
192.0 885.0 0.00 0.00
605.0 804.0 0.00 0.00
894.0 774.0 0.00 0.00
585.0 403.0 0.00 0.00
1301.0 901.0 0.00 0.00
795.0 670.0 0.00 0.00
642.0 872.0 0.00 0.00
1700.0 240.0 0.00 0.00
892.0 663.0 0.00 0.00
518.0 465.0 0.00 0.00
1007.0 931.0 0.00 0.00
893.0 888.0 0.00 0.00
880.0 652.0 0.00 0.00
793.0 517.0 0.00 0.00
788.0 705.0 0.00 0.00
1262.0 627.0 0.00 0.00
1567.0 735.0 0.00 0.00
866.0 770.0 0.00 0.00
657.0 805.0 0.00 0.00
318.0 354.0 0.00 0.00
635.0 952.0 0.00 0.00
591.0 742.0 0.00 0.00
1582.0 658.0 0.00 0.00
198.0 965.0 0.00 0.00
1472.0 879.0 0.00 0.00
614.0 774.0 0.00 0.00
1160.0 752.0 0.00 0.00
1082.0 912.0 0.00 0.00
247.0 490.0 0.00 0.00
572.0 429.0 0.00 0.00
100.0 383.0 0.00 0.00
34.0 301.0 0.00 0.00
62.0 380.0 0.00 0.00
1273.0 772.0 0.00 0.00
143.0 529.0 0.00 0.00
1100.0 889.0 0.00 0.00
729.0 739.0 0.00 0.00
1710.0 733.0 0.00 0.00
39.0 490.0 0.00 0.00
1322.0 649.0 0.00 0.00
324.0 584.0 0.00 0.00
1686.0 606.0 0.00 0.00
160.0 885.0 0.00 0.00
739.0 914.0 0.00 0.00
222.0 497.0 0.00 0.00
14.0 976.0 0.00 0.00
137.0 886.0 0.00 0.00
856.0 925.0 0.00 0.00
1057.0 704.0 0.00 0.00
1557.0 648.0 0.00 0.00
612.0 791.0 0.00 0.00
1500.0 764.0 0.00 0.00
388.0 401.0 0.00 0.00
1319.0 887.0 0.00 0.00
844.0 898.0 0.00 0.00
665.0 447.0 0.00 0.00
909.0 925.0 0.00 0.00
89.0 260.0 0.00 0.00
1408.0 800.0 0.00 0.00
11.0 548.0 0.00 0.00
1144.0 596.0 0.00 0.00
1210.0 712.0 0.00 0.00
1082.0 865.0 0.00 0.00
637.0 742.0 0.00 0.00
63.0 666.0 0.00 0.00
57.0 395.0 0.00 0.00
81.0 833.0 0.00 0.00
367.0 735.0 0.00 0.00
288.0 949.0 0.00 0.00
1486.0 602.0 0.00 0.00
32.0 315.0 0.00 0.00
1675.0 289.0 0.00 0.00
1342.0 728.0 0.00 0.00
191.0 905.0 0.00 0.00
847.0 913.0 0.00 0.00
459.0 733.0 0.00 0.00
1185.0 770.0 0.00 0.00
715.0 600.0 0.00 0.00
1532.0 675.0 0.00 0.00
1279.0 839.0 0.00 0.00
1068.0 972.0 0.00 0.00
815.0 492.0 0.00 0.00
56.0 733.0 0.00 0.00
88.0 986.0 0.00 0.00
1115.0 924.0 0.00 0.00
1119.0 824.0 0.00 0.00
133.0 401.0 0.00 0.00
29.0 537.0 0.00 0.00
918.0 730.0 0.00 0.00
122.0 569.0 0.00 0.00
353.0 507.0 0.00 0.00
1421.0 799.0 0.00 0.00
671.0 826.0 0.00 0.00
847.0 874.0 0.00 0.00
864.0 651.0 0.00 0.00
729.0 775.0 0.00 0.00
1713.0 901.0 0.00 0.00
152.0 589.0 0.00 0.00
679.0 499.0 0.00 0.00
145.0 750.0 0.00 0.00
833.0 608.0 0.00 0.00
742.0 736.0 0.00 0.00
1186.0 701.0 0.00 0.00
520.0 541.0 0.00 0.00
1479.0 701.0 0.00 0.00
486.0 697.0 0.00 0.00
1675.0 706.0 0.00 0.00
76.0 634.0 0.00 0.00
1187.0 782.0 0.00 0.00
761.0 689.0 0.00 0.00
501.0 391.0 0.00 0.00
1500.0 610.0 0.00 0.00
44.0 248.0 0.00 0.00
881.0 728.0 0.00 0.00
263.0 725.0 0.00 0.00
1502.0 745.0 0.00 0.00
493.0 790.0 0.00 0.00
912.0 774.0 0.00 0.00
1161.0 855.0 0.00 0.00
960.0 607.0 0.00 0.00
909.0 877.0 0.00 0.00
296.0 757.0 0.00 0.00
894.0 876.0 0.00 0.00
1202.0 693.0 0.00 0.00
571.0 497.0 0.00 0.00
1553.0 870.0 0.00 0.00
1080.0 659.0 0.00 0.00
1162.0 925.0 0.00 0.00
395.0 346.0 0.00 0.00
234.0 723.0 0.00 0.00
1200.0 728.0 0.00 0.00
187.0 764.0 0.00 0.00
1768.0 975.0 0.00 0.00
1056.0 972.0 0.00 0.00
1261.0 667.0 0.00 0.00
517.0 596.0 0.00 0.00
881.0 582.0 0.00 0.00
880.0 773.0 0.00 0.00
1149.0 900.0 0.00 0.00
1091.0 889.0 0.00 0.00
1234.0 684.0 0.00 0.00
1406.0 646.0 0.00 0.00
613.0 1167.0 0.00 0.00
304.0 337.0 0.00 0.00
290.0 961.0 0.00 0.00
1662.0 278.0 0.00 0.00
1638.0 248.0 0.00 0.00
1703.0 850.0 0.00 0.00
833.0 939.0 0.00 0.00
76.0 500.0 0.00 0.00
411.0 578.0 0.00 0.00
1099.0 912.0 0.00 0.00
1282.0 625.0 0.00 0.00
846.0 860.0 0.00 0.00
488.0 444.0 0.00 0.00
1063.0 753.0 0.00 0.00
1241.0 791.0 0.00 0.00
1681.0 683.0 0.00 0.00
459.0 530.0 0.00 0.00
297.0 397.0 0.00 0.00
1048.0 861.0 0.00 0.00
84.0 793.0 0.00 0.00
41.0 751.0 0.00 0.00
710.0 431.0 0.00 0.00
1251.0 776.0 0.00 0.00
1408.0 764.0 0.00 0.00
189.0 953.0 0.00 0.00
1371.0 684.0 0.00 0.00
59.0 990.0 0.00 0.00
604.0 873.0 0.00 0.00
1541.0 752.0 0.00 0.00
421.0 667.0 0.00 0.00
1534.0 878.0 0.00 0.00
1013.0 639.0 0.00 0.00
1170.0 806.0 0.00 0.00
1654.0 296.0 0.00 0.00
727.0 551.0 0.00 0.00
541.0 512.0 0.00 0.00
330.0 505.0 0.00 0.00
901.0 811.0 0.00 0.00
444.0 585.0 0.00 0.00
1239.0 816.0 0.00 0.00
123.0 956.0 0.00 0.00
910.0 664.0 0.00 0.00
1101.0 937.0 0.00 0.00
1634.0 720.0 0.00 0.00
1735.0 340.0 0.00 0.00
1763.0 742.0 0.00 0.00
16.0 536.0 0.00 0.00
1743.0 829.0 0.00 0.00
1341.0 792.0 0.00 0.00
1666.0 238.0 0.00 0.00
1045.0 705.0 0.00 0.00
1665.0 710.0 0.00 0.00
1048.0 930.0 0.00 0.00
155.0 761.0 0.00 0.00
564.0 794.0 0.00 0.00
1237.0 1190.0 0.00 0.00
361.0 832.0 0.00 0.00
226.0 368.0 0.00 0.00
1204.0 821.0 0.00 0.00
95.0 687.0 0.00 0.00
1674.0 720.0 0.00 0.00
902.0 789.0 0.00 0.00
1299.0 874.0 0.00 0.00
808.0 751.0 0.00 0.00
720.0 805.0 0.00 0.00
369.0 557.0 0.00 0.00
1172.0 611.0 0.00 0.00
167.0 302.0 0.00 0.00
50.0 619.0 0.00 0.00
332.0 591.0 0.00 0.00
246.0 724.0 0.00 0.00
743.0 756.0 0.00 0.00
314.0 338.0 0.00 0.00
747.0 705.0 0.00 0.00
1160.0 819.0 0.00 0.00
267.0 497.0 0.00 0.00
1742.0 644.0 0.00 0.00
585.0 842.0 0.00 0.00
967.0 794.0 0.00 0.00
1708.0 787.0 0.00 0.00
271.0 1116.0 0.00 0.00
1403.0 628.0 0.00 0.00
1551.0 908.0 0.00 0.00
169.0 399.0 0.00 0.00
1412.0 669.0 0.00 0.00
690.0 533.0 0.00 0.00
710.0 499.0 0.00 0.00
694.0 806.0 0.00 0.00
1719.0 920.0 0.00 0.00
1276.0 783.0 0.00 0.00
485.0 423.0 0.00 0.00
1232.0 920.0 0.00 0.00
504.0 871.0 0.00 0.00
1289.0 682.0 0.00 0.00
1687.0 812.0 0.00 0.00
690.0 773.0 0.00 0.00
970.0 938.0 0.00 0.00
677.0 450.0 0.00 0.00
1468.0 634.0 0.00 0.00
78.0 390.0 0.00 0.00
786.0 745.0 0.00 0.00
1469.0 755.0 0.00 0.00
764.0 451.0 0.00 0.00
199.0 355.0 0.00 0.00
807.0 913.0 0.00 0.00
1358.0 961.0 0.00 0.00
1565.0 985.0 0.00 0.00
1349.0 929.0 0.00 0.00
971.0 928.0 0.00 0.00
462.0 707.0 0.00 0.00
475.0 601.0 0.00 0.00
824.0 499.0 0.00 0.00
626.0 791.0 0.00 0.00
1584.0 646.0 0.00 0.00
763.0 705.0 0.00 0.00
1481.0 666.0 0.00 0.00
1147.0 777.0 0.00 0.00
838.0 513.0 0.00 0.00
833.0 808.0 0.00 0.00
156.0 462.0 0.00 0.00
583.0 386.0 0.00 0.00
740.0 570.0 0.00 0.00
490.0 831.0 0.00 0.00
113.0 749.0 0.00 0.00
581.0 594.0 0.00 0.00
1783.0 330.0 0.00 0.00
1695.0 903.0 0.00 0.00
704.0 454.0 0.00 0.00
89.0 482.0 0.00 0.00
553.0 911.0 0.00 0.00
633.0 806.0 0.00 0.00
1343.0 690.0 0.00 0.00
329.0 349.0 0.00 0.00
696.0 889.0 0.00 0.00
1393.0 630.0 0.00 0.00
438.0 925.0 0.00 0.00
410.0 407.0 0.00 0.00
115.0 291.0 0.00 0.00
222.0 426.0 0.00 0.00
1162.0 900.0 0.00 0.00
1554.0 711.0 0.00 0.00
1199.0 702.0 0.00 0.00
773.0 693.0 0.00 0.00
1231.0 890.0 0.00 0.00
834.0 663.0 0.00 0.00
1357.0 633.0 0.00 0.00
605.0 486.0 0.00 0.00
1242.0 629.0 0.00 0.00
752.0 856.0 0.00 0.00
198.0 753.0 0.00 0.00
574.0 618.0 0.00 0.00
200.0 721.0 0.00 0.00
1515.0 640.0 0.00 0.00
1199.0 714.0 0.00 0.00
490.0 534.0 0.00 0.00
987.0 679.0 0.00 0.00
1687.0 938.0 0.00 0.00
473.0 440.0 0.00 0.00
1199.0 611.0 0.00 0.00
447.0 688.0 0.00 0.00
1223.0 701.0 0.00 0.00
648.0 744.0 0.00 0.00
762.0 464.0 0.00 0.00
685.0 843.0 0.00 0.00
127.0 539.0 0.00 0.00
1619.0 644.0 0.00 0.00
775.0 775.0 0.00 0.00
1315.0 768.0 0.00 0.00
881.0 888.0 0.00 0.00
1646.0 269.0 0.00 0.00
448.0 789.0 0.00 0.00
367.0 620.0 0.00 0.00
95.0 651.0 0.00 0.00
1597.0 717.0 0.00 0.00
1424.0 966.0 0.00 0.00
498.0 459.0 0.00 0.00
502.0 678.0 0.00 0.00
122.0 721.0 0.00 0.00
463.0 799.0 0.00 0.00
350.0 425.0 0.00 0.00
584.0 874.0 0.00 0.00
1316.0 700.0 0.00 0.00
656.0 842.0 0.00 0.00
470.0 714.0 0.00 0.00
1680.0 616.0 0.00 0.00
1407.0 780.0 0.00 0.00
1231.0 785.0 0.00 0.00
1343.0 679.0 0.00 0.00
922.0 924.0 0.00 0.00
495.0 757.0 0.00 0.00
190.0 915.0 0.00 0.00
1173.0 863.0 0.00 0.00
1043.0 646.0 0.00 0.00
1659.0 803.0 0.00 0.00
364.0 367.0 0.00 0.00
1646.0 725.0 0.00 0.00
505.0 791.0 0.00 0.00
1205.0 873.0 0.00 0.00
509.0 406.0 0.00 0.00
695.0 872.0 0.00 0.00
623.0 588.0 0.00 0.00
865.0 735.0 0.00 0.00
482.0 977.0 0.00 0.00
223.0 577.0 0.00 0.00
535.0 576.0 0.00 0.00
1144.0 680.0 0.00 0.00
1290.0 947.0 0.00 0.00
777.0 610.0 0.00 0.00
326.0 419.0 0.00 0.00
1536.0 911.0 0.00 0.00
1081.0 889.0 0.00 0.00
1583.0 911.0 0.00 0.00
1293.0 918.0 0.00 0.00
780.0 532.0 0.00 0.00
631.0 841.0 0.00 0.00
1264.0 684.0 0.00 0.00
1202.0 788.0 0.00 0.00
1461.0 612.0 0.00 0.00
189.0 509.0 0.00 0.00
368.0 756.0 0.00 0.00
90.0 969.0 0.00 0.00
1737.0 353.0 0.00 0.00
159.0 704.0 0.00 0.00
1608.0 586.0 0.00 0.00
1547.0 807.0 0.00 0.00
1343.0 666.0 0.00 0.00
805.0 588.0 0.00 0.00
1684.0 739.0 0.00 0.00
550.0 471.0 0.00 0.00
1654.0 767.0 0.00 0.00
1566.0 877.0 0.00 0.00
725.0 951.0 0.00 0.00
449.0 958.0 0.00 0.00
793.0 534.0 0.00 0.00
1639.0 900.0 0.00 0.00
1755.0 992.0 0.00 0.00
372.0 939.0 0.00 0.00
16.0 496.0 0.00 0.00
578.0 742.0 0.00 0.00
1161.0 841.0 0.00 0.00
1636.0 709.0 0.00 0.00
824.0 457.0 0.00 0.00
1597.0 842.0 0.00 0.00
129.0 417.0 0.00 0.00
310.0 507.0 0.00 0.00
881.0 594.0 0.00 0.00
1146.0 767.0 0.00 0.00
1021.0 902.0 0.00 0.00
1329.0 805.0 0.00 0.00
468.0 685.0 0.00 0.00
838.0 496.0 0.00 0.00
892.0 800.0 0.00 0.00
684.0 855.0 0.00 0.00
1030.0 728.0 0.00 0.00
26.0 468.0 0.00 0.00
613.0 842.0 0.00 0.00
156.0 328.0 0.00 0.00
1209.0 655.0 0.00 0.00
1077.0 835.0 0.00 0.00
143.0 486.0 0.00 0.00
1762.0 728.0 0.00 0.00
630.0 483.0 0.00 0.00
833.0 770.0 0.00 0.00
1343.0 655.0 0.00 0.00
609.0 889.0 0.00 0.00
142.0 575.0 0.00 0.00
1476.0 945.0 0.00 0.00
1023.0 931.0 0.00 0.00
656.0 856.0 0.00 0.00
1675.0 230.0 0.00 0.00
405.0 623.0 0.00 0.00
668.0 603.0 0.00 0.00
1625.0 737.0 0.00 0.00
455.0 455.0 0.00 0.00
1532.0 839.0 0.00 0.00
1666.0 618.0 0.00 0.00
1092.0 814.0 0.00 0.00
1427.0 947.0 0.00 0.00
1667.0 956.0 0.00 0.00
568.0 411.0 0.00 0.00
475.0 454.0 0.00 0.00
1090.0 878.0 0.00 0.00
1785.0 610.0 0.00 0.00
393.0 562.0 0.00 0.00
847.0 785.0 0.00 0.00
820.0 700.0 0.00 0.00
852.0 480.0 0.00 0.00
27.0 685.0 0.00 0.00
86.0 527.0 0.00 0.00
833.0 898.0 0.00 0.00
504.0 831.0 0.00 0.00
504.0 912.0 0.00 0.00
806.0 692.0 0.00 0.00
573.0 634.0 0.00 0.00
118.0 546.0 0.00 0.00
676.0 928.0 0.00 0.00
718.0 613.0 0.00 0.00
164.0 505.0 0.00 0.00
70.0 743.0 0.00 0.00
673.0 431.0 0.00 0.00
1637.0 649.0 0.00 0.00
77.0 335.0 0.00 0.00
735.0 856.0 0.00 0.00
695.0 471.0 0.00 0.00
1497.0 664.0 0.00 0.00
710.0 805.0 0.00 0.00
1295.0 887.0 0.00 0.00
855.0 939.0 0.00 0.00
1666.0 305.0 0.00 0.00
1646.0 753.0 0.00 0.00
864.0 863.0 0.00 0.00
450.0 431.0 0.00 0.00
22.0 364.0 0.00 0.00
222.0 545.0 0.00 0.00
1558.0 719.0 0.00 0.00
97.0 579.0 0.00 0.00
1618.0 788.0 0.00 0.00
709.0 928.0 0.00 0.00
143.0 599.0 0.00 0.00
1290.0 811.0 0.00 0.00
243.0 401.0 0.00 0.00
778.0 947.0 0.00 0.00
1187.0 678.0 0.00 0.00
692.0 448.0 0.00 0.00
1667.0 695.0 0.00 0.00
382.0 753.0 0.00 0.00
1240.0 854.0 0.00 0.00
1511.0 744.0 0.00 0.00
315.0 530.0 0.00 0.00
1099.0 754.0 0.00 0.00
1200.0 649.0 0.00 0.00
853.0 492.0 0.00 0.00
400.0 370.0 0.00 0.00
1162.0 888.0 0.00 0.00
426.0 636.0 0.00 0.00
641.0 775.0 0.00 0.00
264.0 420.0 0.00 0.00
37.0 703.0 0.00 0.00
1119.0 1169.0 0.00 0.00
651.0 488.0 0.00 0.00
932.0 876.0 0.00 0.00
1436.0 646.0 0.00 0.00
1498.0 755.0 0.00 0.00
786.0 732.0 0.00 0.00
949.0 817.0 0.00 0.00
1286.0 652.0 0.00 0.00
43.0 375.0 0.00 0.00
1669.0 888.0 0.00 0.00
881.0 699.0 0.00 0.00
634.0 826.0 0.00 0.00
39.0 321.0 0.00 0.00
1734.0 976.0 0.00 0.00
659.0 929.0 0.00 0.00
1030.0 716.0 0.00 0.00
913.0 824.0 0.00 0.00
1537.0 595.0 0.00 0.00
1447.0 748.0 0.00 0.00
1188.0 613.0 0.00 0.00
549.0 740.0 0.00 0.00
1371.0 675.0 0.00 0.00
1194.0 661.0 0.00 0.00
433.0 606.0 0.00 0.00
169.0 718.0 0.00 0.00
1248.0 677.0 0.00 0.00
1356.0 871.0 0.00 0.00
1647.0 254.0 0.00 0.00
1777.0 742.0 0.00 0.00
358.0 361.0 0.00 0.00
825.0 487.0 0.00 0.00
387.0 526.0 0.00 0.00
396.0 790.0 0.00 0.00
448.0 719.0 0.00 0.00
509.0 426.0 0.00 0.00
824.0 478.0 0.00 0.00
408.0 503.0 0.00 0.00
1276.0 719.0 0.00 0.00
708.0 871.0 0.00 0.00
1378.0 832.0 0.00 0.00
519.0 532.0 0.00 0.00
1132.0 911.0 0.00 0.00
1216.0 820.0 0.00 0.00
575.0 482.0 0.00 0.00
1101.0 961.0 0.00 0.00
1458.0 621.0 0.00 0.00
585.0 763.0 0.00 0.00
1201.0 599.0 0.00 0.00
1371.0 695.0 0.00 0.00
245.0 373.0 0.00 0.00
1593.0 599.0 0.00 0.00
1476.0 713.0 0.00 0.00
664.0 1190.0 0.00 0.00
68.0 716.0 0.00 0.00
1208.0 677.0 0.00 0.00
133.0 955.0 0.00 0.00
808.0 642.0 0.00 0.00
1704.0 813.0 0.00 0.00
559.0 616.0 0.00 0.00
1024.0 595.0 0.00 0.00
720.0 1183.0 0.00 0.00
1256.0 921.0 0.00 0.00
584.0 856.0 0.00 0.00
77.0 925.0 0.00 0.00
378.0 378.0 0.00 0.00
588.0 1169.0 0.00 0.00
576.0 607.0 0.00 0.00
807.0 661.0 0.00 0.00
1302.0 723.0 0.00 0.00
609.0 467.0 0.00 0.00
1738.0 521.0 0.00 0.00
1162.0 941.0 0.00 0.00
1410.0 745.0 0.00 0.00
411.0 369.0 0.00 0.00
193.0 873.0 0.00 0.00
1618.0 586.0 0.00 0.00
613.0 825.0 0.00 0.00
13.0 823.0 0.00 0.00
1090.0 646.0 0.00 0.00
787.0 887.0 0.00 0.00
977.0 821.0 0.00 0.00
1072.0 745.0 0.00 0.00
750.0 469.0 0.00 0.00
1145.0 756.0 0.00 0.00
302.0 727.0 0.00 0.00
1479.0 980.0 0.00 0.00
1372.0 636.0 0.00 0.00
1274.0 759.0 0.00 0.00
460.0 915.0 0.00 0.00
280.0 475.0 0.00 0.00
248.0 611.0 0.00 0.00
1365.0 652.0 0.00 0.00
582.0 928.0 0.00 0.00
725.0 967.0 0.00 0.00
935.0 807.0 0.00 0.00
320.0 490.0 0.00 0.00
853.0 756.0 0.00 0.00
1145.0 745.0 0.00 0.00
34.0 333.0 0.00 0.00
834.0 723.0 0.00 0.00
1083.0 961.0 0.00 0.00
376.0 419.0 0.00 0.00
899.0 672.0 0.00 0.00
854.0 747.0 0.00 0.00
1187.0 744.0 0.00 0.00
844.0 940.0 0.00 0.00
305.0 436.0 0.00 0.00
1659.0 737.0 0.00 0.00
54.0 936.0 0.00 0.00
1398.0 931.0 0.00 0.00
851.0 534.0 0.00 0.00
1341.0 646.0 0.00 0.00
952.0 877.0 0.00 0.00
284.0 726.0 0.00 0.00
1270.0 704.0 0.00 0.00
703.0 640.0 0.00 0.00
1456.0 735.0 0.00 0.00
1670.0 779.0 0.00 0.00
1713.0 797.0 0.00 0.00
1314.0 668.0 0.00 0.00
1178.0 652.0 0.00 0.00
122.0 436.0 0.00 0.00
1539.0 965.0 0.00 0.00
834.0 682.0 0.00 0.00
14.0 990.0 0.00 0.00
992.0 617.0 0.00 0.00
584.0 888.0 0.00 0.00
476.0 871.0 0.00 0.00
925.0 833.0 0.00 0.00
693.0 826.0 0.00 0.00
803.0 936.0 0.00 0.00
666.0 476.0 0.00 0.00
1345.0 832.0 0.00 0.00
455.0 604.0 0.00 0.00
1327.0 663.0 0.00 0.00
447.0 978.0 0.00 0.00
1595.0 615.0 0.00 0.00
25.0 343.0 0.00 0.00
1645.0 939.0 0.00 0.00
535.0 738.0 0.00 0.00
688.0 758.0 0.00 0.00
1721.0 648.0 0.00 0.00
1657.0 725.0 0.00 0.00
329.0 389.0 0.00 0.00
517.0 394.0 0.00 0.00
1201.0 586.0 0.00 0.00
586.0 461.0 0.00 0.00
351.0 914.0 0.00 0.00
1158.0 586.0 0.00 0.00
526.0 732.0 0.00 0.00
330.0 607.0 0.00 0.00
89.0 953.0 0.00 0.00
1651.0 672.0 0.00 0.00
433.0 790.0 0.00 0.00
1714.0 866.0 0.00 0.00
834.0 648.0 0.00 0.00
734.0 790.0 0.00 0.00
1122.0 972.0 0.00 0.00
790.0 773.0 0.00 0.00
390.0 636.0 0.00 0.00
179.0 521.0 0.00 0.00
833.0 844.0 0.00 0.00
157.0 955.0 0.00 0.00
1091.0 936.0 0.00 0.00
1725.0 695.0 0.00 0.00
1537.0 619.0 0.00 0.00
1610.0 732.0 0.00 0.00
1170.0 820.0 0.00 0.00
622.0 756.0 0.00 0.00
1159.0 653.0 0.00 0.00
1743.0 964.0 0.00 0.00
698.0 928.0 0.00 0.00
720.0 908.0 0.00 0.00
17.0 446.0 0.00 0.00
1101.0 1181.0 0.00 0.00
1113.0 913.0 0.00 0.00
1707.0 225.0 0.00 0.00
1334.0 656.0 0.00 0.00
1269.0 788.0 0.00 0.00
1401.0 860.0 0.00 0.00
897.0 760.0 0.00 0.00
100.0 595.0 0.00 0.00
1579.0 589.0 0.00 0.00
528.0 1178.0 0.00 0.00
1250.0 762.0 0.00 0.00
431.0 571.0 0.00 0.00
1317.0 715.0 0.00 0.00
1319.0 813.0 0.00 0.00
1382.0 683.0 0.00 0.00
67.0 644.0 0.00 0.00
1384.0 959.0 0.00 0.00
1666.0 752.0 0.00 0.00
1055.0 682.0 0.00 0.00
399.0 613.0 0.00 0.00
1567.0 762.0 0.00 0.00
1018.0 704.0 0.00 0.00
1551.0 839.0 0.00 0.00
423.0 375.0 0.00 0.00
1508.0 599.0 0.00 0.00
194.0 340.0 0.00 0.00
131.0 347.0 0.00 0.00
945.0 899.0 0.00 0.00
639.0 433.0 0.00 0.00
400.0 458.0 0.00 0.00
758.0 593.0 0.00 0.00
63.0 926.0 0.00 0.00
1776.0 727.0 0.00 0.00
740.0 605.0 0.00 0.00
1688.0 673.0 0.00 0.00
170.0 886.0 0.00 0.00
1698.0 989.0 0.00 0.00
415.0 733.0 0.00 0.00
126.0 886.0 0.00 0.00
256.0 950.0 0.00 0.00
1582.0 968.0 0.00 0.00
74.0 989.0 0.00 0.00
1408.0 941.0 0.00 0.00
625.0 927.0 0.00 0.00
967.0 678.0 0.00 0.00
1206.0 809.0 0.00 0.00
1148.0 972.0 0.00 0.00
334.0 754.0 0.00 0.00
1544.0 773.0 0.00 0.00
239.0 1185.0 0.00 0.00
586.0 825.0 0.00 0.00
1375.0 906.0 0.00 0.00
29.0 524.0 0.00 0.00
787.0 788.0 0.00 0.00
762.0 608.0 0.00 0.00
1672.0 900.0 0.00 0.00
1566.0 952.0 0.00 0.00
49.0 720.0 0.00 0.00
1082.0 845.0 0.00 0.00
1649.0 385.0 0.00 0.00
833.0 852.0 0.00 0.00
807.0 532.0 0.00 0.00
1682.0 799.0 0.00 0.00
1230.0 907.0 0.00 0.00
1364.0 789.0 0.00 0.00
653.0 526.0 0.00 0.00
310.0 697.0 0.00 0.00
310.0 771.0 0.00 0.00
386.0 366.0 0.00 0.00
928.0 973.0 0.00 0.00
1072.0 889.0 0.00 0.00
1700.0 936.0 0.00 0.00
33.0 590.0 0.00 0.00
213.0 345.0 0.00 0.00
366.0 773.0 0.00 0.00
290.0 378.0 0.00 0.00
436.0 655.0 0.00 0.00
301.0 380.0 0.00 0.00
1669.0 492.0 0.00 0.00
789.0 691.0 0.00 0.00
1521.0 657.0 0.00 0.00
1714.0 701.0 0.00 0.00
314.0 458.0 0.00 0.00
277.0 622.0 0.00 0.00
48.0 926.0 0.00 0.00
593.0 918.0 0.00 0.00
824.0 571.0 0.00 0.00
1629.0 987.0 0.00 0.00
87.0 779.0 0.00 0.00
586.0 950.0 0.00 0.00
496.0 713.0 0.00 0.00
1372.0 946.0 0.00 0.00
432.0 453.0 0.00 0.00
1158.0 601.0 0.00 0.00
1655.0 699.0 0.00 0.00
894.0 729.0 0.00 0.00
69.0 935.0 0.00 0.00
1599.0 924.0 0.00 0.00
1111.0 828.0 0.00 0.00
882.0 748.0 0.00 0.00
1667.0 609.0 0.00 0.00
922.0 912.0 0.00 0.00
229.0 632.0 0.00 0.00
1569.0 633.0 0.00 0.00
977.0 676.0 0.00 0.00
702.0 949.0 0.00 0.00
721.0 710.0 0.00 0.00
877.0 924.0 0.00 0.00
101.0 417.0 0.00 0.00
1325.0 793.0 0.00 0.00
1536.0 736.0 0.00 0.00
1206.0 888.0 0.00 0.00
756.0 758.0 0.00 0.00
908.0 863.0 0.00 0.00
223.0 951.0 0.00 0.00
1183.0 913.0 0.00 0.00
1422.0 666.0 0.00 0.00
613.0 856.0 0.00 0.00
1426.0 750.0 0.00 0.00
968.0 892.0 0.00 0.00
421.0 560.0 0.00 0.00
171.0 375.0 0.00 0.00
189.0 523.0 0.00 0.00
1061.0 894.0 0.00 0.00
400.0 569.0 0.00 0.00
1308.0 919.0 0.00 0.00
825.0 552.0 0.00 0.00
1500.0 734.0 0.00 0.00
358.0 463.0 0.00 0.00
1494.0 704.0 0.00 0.00
72.0 776.0 0.00 0.00
1314.0 740.0 0.00 0.00
990.0 930.0 0.00 0.00
862.0 975.0 0.00 0.00
852.0 516.0 0.00 0.00
726.0 594.0 0.00 0.00
1735.0 992.0 0.00 0.00
1657.0 644.0 0.00 0.00
1074.0 822.0 0.00 0.00
1331.0 622.0 0.00 0.00
895.0 820.0 0.00 0.00
579.0 446.0 0.00 0.00
1343.0 898.0 0.00 0.00
1386.0 612.0 0.00 0.00
1073.0 900.0 0.00 0.00
643.0 590.0 0.00 0.00
294.0 832.0 0.00 0.00
1473.0 904.0 0.00 0.00
1477.0 621.0 0.00 0.00
1659.0 353.0 0.00 0.00
334.0 330.0 0.00 0.00
1260.0 762.0 0.00 0.00
738.0 594.0 0.00 0.00
87.0 666.0 0.00 0.00
540.0 616.0 0.00 0.00
90.0 282.0 0.00 0.00
1226.0 631.0 0.00 0.00
1658.0 681.0 0.00 0.00
556.0 515.0 0.00 0.00
1099.0 864.0 0.00 0.00
351.0 545.0 0.00 0.00
120.0 593.0 0.00 0.00
411.0 791.0 0.00 0.00
166.0 538.0 0.00 0.00
57.0 772.0 0.00 0.00
729.0 757.0 0.00 0.00
1101.0 670.0 0.00 0.00
735.0 614.0 0.00 0.00
418.0 589.0 0.00 0.00
666.0 532.0 0.00 0.00
1122.0 767.0 0.00 0.00
513.0 1128.0 0.00 0.00
1530.0 726.0 0.00 0.00
98.0 906.0 0.00 0.00
700.0 967.0 0.00 0.00
1467.0 767.0 0.00 0.00
203.0 885.0 0.00 0.00
919.0 741.0 0.00 0.00
1021.0 672.0 0.00 0.00
115.0 968.0 0.00 0.00
1140.0 821.0 0.00 0.00
1641.0 766.0 0.00 0.00
1244.0 754.0 0.00 0.00
372.0 832.0 0.00 0.00
1633.0 732.0 0.00 0.00
1146.0 913.0 0.00 0.00
109.0 461.0 0.00 0.00
447.0 734.0 0.00 0.00
1546.0 701.0 0.00 0.00
921.0 671.0 0.00 0.00
1162.0 976.0 0.00 0.00
1674.0 578.0 0.00 0.00
467.0 663.0 0.00 0.00
495.0 583.0 0.00 0.00
1697.0 350.0 0.00 0.00
433.0 506.0 0.00 0.00
1727.0 903.0 0.00 0.00
634.0 447.0 0.00 0.00
655.0 890.0 0.00 0.00
673.0 805.0 0.00 0.00
1122.0 962.0 0.00 0.00
15.0 523.0 0.00 0.00
742.0 537.0 0.00 0.00
112.0 302.0 0.00 0.00
258.0 647.0 0.00 0.00
912.0 701.0 0.00 0.00
574.0 538.0 0.00 0.00
1275.0 919.0 0.00 0.00
1707.0 768.0 0.00 0.00
879.0 864.0 0.00 0.00
1203.0 831.0 0.00 0.00
1660.0 376.0 0.00 0.00
1132.0 777.0 0.00 0.00
575.0 457.0 0.00 0.00
291.0 874.0 0.00 0.00
912.0 899.0 0.00 0.00
762.0 581.0 0.00 0.00
1214.0 745.0 0.00 0.00
36.0 824.0 0.00 0.00
649.0 472.0 0.00 0.00
650.0 444.0 0.00 0.00
624.0 873.0 0.00 0.00
161.0 874.0 0.00 0.00
1414.0 636.0 0.00 0.00
623.0 908.0 0.00 0.00
41.0 668.0 0.00 0.00
60.0 290.0 0.00 0.00
591.0 437.0 0.00 0.00
789.0 718.0 0.00 0.00
736.0 902.0 0.00 0.00
1331.0 884.0 0.00 0.00
409.0 423.0 0.00 0.00
1769.0 735.0 0.00 0.00
563.0 577.0 0.00 0.00
1117.0 865.0 0.00 0.00
419.0 752.0 0.00 0.00
219.0 560.0 0.00 0.00
782.0 566.0 0.00 0.00
879.0 912.0 0.00 0.00
953.0 749.0 0.00 0.00
100.0 715.0 0.00 0.00
487.0 912.0 0.00 0.00
729.0 489.0 0.00 0.00
703.0 758.0 0.00 0.00
1511.0 733.0 0.00 0.00
1072.0 961.0 0.00 0.00
663.0 773.0 0.00 0.00
1430.0 633.0 0.00 0.00
117.0 660.0 0.00 0.00
1277.0 711.0 0.00 0.00
1048.0 880.0 0.00 0.00
1333.0 831.0 0.00 0.00
912.0 911.0 0.00 0.00
880.0 611.0 0.00 0.00
1234.0 719.0 0.00 0.00
956.0 728.0 0.00 0.00
98.0 554.0 0.00 0.00
242.0 332.0 0.00 0.00
81.0 417.0 0.00 0.00
855.0 887.0 0.00 0.00
290.0 332.0 0.00 0.00
586.0 970.0 0.00 0.00
1443.0 841.0 0.00 0.00
1144.0 863.0 0.00 0.00
1162.0 954.0 0.00 0.00
327.0 715.0 0.00 0.00
1530.0 807.0 0.00 0.00
560.0 1124.0 0.00 0.00
349.0 530.0 0.00 0.00
112.0 985.0 0.00 0.00
786.0 759.0 0.00 0.00
656.0 825.0 0.00 0.00
1088.0 678.0 0.00 0.00
1120.0 777.0 0.00 0.00
1026.0 972.0 0.00 0.00
703.0 770.0 0.00 0.00
1652.0 618.0 0.00 0.00
89.0 358.0 0.00 0.00
424.0 429.0 0.00 0.00
1227.0 802.0 0.00 0.00
18.0 670.0 0.00 0.00
1290.0 667.0 0.00 0.00
104.0 586.0 0.00 0.00
783.0 846.0 0.00 0.00
1142.0 635.0 0.00 0.00
1026.0 813.0 0.00 0.00
604.0 561.0 0.00 0.00
515.0 585.0 0.00 0.00
797.0 554.0 0.00 0.00
1327.0 898.0 0.00 0.00
922.0 888.0 0.00 0.00
939.0 836.0 0.00 0.00
261.0 560.0 0.00 0.00
1357.0 780.0 0.00 0.00
852.0 806.0 0.00 0.00
118.0 532.0 0.00 0.00
1133.0 899.0 0.00 0.00
98.0 925.0 0.00 0.00
1616.0 720.0 0.00 0.00
1303.0 770.0 0.00 0.00
584.0 908.0 0.00 0.00
1691.0 751.0 0.00 0.00
1619.0 614.0 0.00 0.00
160.0 904.0 0.00 0.00
1392.0 865.0 0.00 0.00
1672.0 543.0 0.00 0.00
374.0 926.0 0.00 0.00
456.0 924.0 0.00 0.00
424.0 343.0 0.00 0.00
1062.0 938.0 0.00 0.00
461.0 693.0 0.00 0.00
593.0 582.0 0.00 0.00
1022.0 633.0 0.00 0.00
1202.0 630.0 0.00 0.00
1662.0 817.0 0.00 0.00
324.0 959.0 0.00 0.00
307.0 927.0 0.00 0.00
1667.0 922.0 0.00 0.00
395.0 937.0 0.00 0.00
1553.0 630.0 0.00 0.00
1631.0 783.0 0.00 0.00
835.0 582.0 0.00 0.00
1298.0 823.0 0.00 0.00
1327.0 959.0 0.00 0.00
415.0 717.0 0.00 0.00
435.0 772.0 0.00 0.00
1557.0 857.0 0.00 0.00
443.0 675.0 0.00 0.00
980.0 704.0 0.00 0.00
1468.0 717.0 0.00 0.00
279.0 378.0 0.00 0.00
1257.0 806.0 0.00 0.00
478.0 773.0 0.00 0.00
199.0 491.0 0.00 0.00
959.0 833.0 0.00 0.00
60.0 507.0 0.00 0.00
1125.0 841.0 0.00 0.00
478.0 830.0 0.00 0.00
764.0 655.0 0.00 0.00
1620.0 702.0 0.00 0.00
986.0 892.0 0.00 0.00
76.0 709.0 0.00 0.00
418.0 616.0 0.00 0.00
922.0 876.0 0.00 0.00
184.0 691.0 0.00 0.00
1091.0 598.0 0.00 0.00
936.0 912.0 0.00 0.00
95.0 638.0 0.00 0.00
27.0 952.0 0.00 0.00
396.0 925.0 0.00 0.00
700.0 603.0 0.00 0.00
397.0 652.0 0.00 0.00
1032.0 860.0 0.00 0.00
851.0 552.0 0.00 0.00
637.0 755.0 0.00 0.00
1333.0 845.0 0.00 0.00
1186.0 754.0 0.00 0.00
1622.0 654.0 0.00 0.00
1441.0 960.0 0.00 0.00
375.0 667.0 0.00 0.00
1202.0 665.0 0.00 0.00
477.0 387.0 0.00 0.00
43.0 598.0 0.00 0.00
74.0 957.0 0.00 0.00
758.0 745.0 0.00 0.00
1423.0 778.0 0.00 0.00
1537.0 935.0 0.00 0.00
436.0 753.0 0.00 0.00
532.0 831.0 0.00 0.00
1110.0 607.0 0.00 0.00
1654.0 936.0 0.00 0.00
138.0 587.0 0.00 0.00
1443.0 636.0 0.00 0.00
445.0 699.0 0.00 0.00
734.0 872.0 0.00 0.00
808.0 701.0 0.00 0.00
762.0 775.0 0.00 0.00
1426.0 765.0 0.00 0.00
1346.0 739.0 0.00 0.00
650.0 758.0 0.00 0.00
804.0 966.0 0.00 0.00
384.0 475.0 0.00 0.00
1186.0 723.0 0.00 0.00
450.0 937.0 0.00 0.00
368.0 697.0 0.00 0.00
1428.0 874.0 0.00 0.00
1191.0 876.0 0.00 0.00
1386.0 885.0 0.00 0.00
1344.0 819.0 0.00 0.00
859.0 633.0 0.00 0.00
794.0 570.0 0.00 0.00
918.0 645.0 0.00 0.00
1531.0 664.0 0.00 0.00
639.0 492.0 0.00 0.00
275.0 662.0 0.00 0.00
385.0 702.0 0.00 0.00
1650.0 987.0 0.00 0.00
1210.0 689.0 0.00 0.00
1618.0 772.0 0.00 0.00
1151.0 788.0 0.00 0.00
484.0 524.0 0.00 0.00
1361.0 932.0 0.00 0.00
1644.0 738.0 0.00 0.00
1603.0 667.0 0.00 0.00
879.0 853.0 0.00 0.00
73.0 576.0 0.00 0.00
666.0 756.0 0.00 0.00
1030.0 893.0 0.00 0.00
63.0 458.0 0.00 0.00
748.0 439.0 0.00 0.00
708.0 888.0 0.00 0.00
430.0 713.0 0.00 0.00
289.0 913.0 0.00 0.00
971.0 1156.0 0.00 0.00
80.0 587.0 0.00 0.00
606.0 668.0 0.00 0.00
234.0 345.0 0.00 0.00
167.0 552.0 0.00 0.00
1723.0 850.0 0.00 0.00
1438.0 707.0 0.00 0.00
897.0 864.0 0.00 0.00
1420.0 813.0 0.00 0.00
1721.0 347.0 0.00 0.00
220.0 304.0 0.00 0.00
206.0 648.0 0.00 0.00
671.0 842.0 0.00 0.00
299.0 945.0 0.00 0.00
136.0 733.0 0.00 0.00
518.0 487.0 0.00 0.00
863.0 797.0 0.00 0.00
1177.0 844.0 0.00 0.00
1548.0 823.0 0.00 0.00
194.0 366.0 0.00 0.00
1610.0 834.0 0.00 0.00
1530.0 611.0 0.00 0.00
763.0 679.0 0.00 0.00
452.0 380.0 0.00 0.00
1646.0 582.0 0.00 0.00
1361.0 702.0 0.00 0.00
1444.0 622.0 0.00 0.00
358.0 957.0 0.00 0.00
630.0 506.0 0.00 0.00
1440.0 809.0 0.00 0.00
296.0 342.0 0.00 0.00
1287.0 696.0 0.00 0.00
361.0 926.0 0.00 0.00
459.0 765.0 0.00 0.00
146.0 351.0 0.00 0.00
662.0 621.0 0.00 0.00
1149.0 926.0 0.00 0.00
1116.0 662.0 0.00 0.00
856.0 666.0 0.00 0.00
802.0 477.0 0.00 0.00
892.0 951.0 0.00 0.00
864.0 790.0 0.00 0.00
1639.0 854.0 0.00 0.00
396.0 491.0 0.00 0.00
1160.0 774.0 0.00 0.00
343.0 357.0 0.00 0.00
84.0 643.0 0.00 0.00
1609.0 825.0 0.00 0.00
1596.0 878.0 0.00 0.00
1127.0 876.0 0.00 0.00
729.0 535.0 0.00 0.00
1318.0 933.0 0.00 0.00
1223.0 842.0 0.00 0.00
1606.0 747.0 0.00 0.00
763.0 515.0 0.00 0.00
930.0 729.0 0.00 0.00
163.0 605.0 0.00 0.00
1326.0 777.0 0.00 0.00
1719.0 812.0 0.00 0.00
904.0 963.0 0.00 0.00
1131.0 730.0 0.00 0.00
1783.0 596.0 0.00 0.00
780.0 935.0 0.00 0.00
1693.0 322.0 0.00 0.00
1309.0 782.0 0.00 0.00
45.0 393.0 0.00 0.00
966.0 663.0 0.00 0.00
1261.0 786.0 0.00 0.00
1346.0 712.0 0.00 0.00
833.0 624.0 0.00 0.00
532.0 911.0 0.00 0.00
470.0 977.0 0.00 0.00
1551.0 966.0 0.00 0.00
285.0 458.0 0.00 0.00
807.0 893.0 0.00 0.00
83.0 372.0 0.00 0.00
1264.0 799.0 0.00 0.00
520.0 791.0 0.00 0.00
648.0 506.0 0.00 0.00
1211.0 947.0 0.00 0.00
764.0 635.0 0.00 0.00
296.0 475.0 0.00 0.00
387.0 443.0 0.00 0.00
1571.0 815.0 0.00 0.00
1123.0 888.0 0.00 0.00
1220.0 711.0 0.00 0.00
775.0 584.0 0.00 0.00
110.0 717.0 0.00 0.00
1032.0 930.0 0.00 0.00
878.0 952.0 0.00 0.00
725.0 604.0 0.00 0.00
106.0 782.0 0.00 0.00
258.0 340.0 0.00 0.00
209.0 536.0 0.00 0.00
1229.0 735.0 0.00 0.00
1328.0 706.0 0.00 0.00
1735.0 856.0 0.00 0.00
141.0 389.0 0.00 0.00
642.0 841.0 0.00 0.00
1389.0 705.0 0.00 0.00
1368.0 615.0 0.00 0.00
824.0 515.0 0.00 0.00
541.0 459.0 0.00 0.00
1219.0 787.0 0.00 0.00
1446.0 787.0 0.00 0.00
210.0 329.0 0.00 0.00
825.0 535.0 0.00 0.00
912.0 788.0 0.00 0.00
273.0 456.0 0.00 0.00
1419.0 648.0 0.00 0.00
1579.0 616.0 0.00 0.00
1451.0 947.0 0.00 0.00
1426.0 980.0 0.00 0.00
1537.0 983.0 0.00 0.00
623.0 806.0 0.00 0.00
1102.0 788.0 0.00 0.00
656.0 458.0 0.00 0.00
371.0 459.0 0.00 0.00
531.0 394.0 0.00 0.00
766.0 556.0 0.00 0.00
81.0 462.0 0.00 0.00
1254.0 851.0 0.00 0.00
55.0 631.0 0.00 0.00
622.0 604.0 0.00 0.00
954.0 851.0 0.00 0.00
90.0 564.0 0.00 0.00
16.0 926.0 0.00 0.00
1001.0 635.0 0.00 0.00
1622.0 669.0 0.00 0.00
1695.0 607.0 0.00 0.00
1008.0 703.0 0.00 0.00
1786.0 776.0 0.00 0.00
1625.0 690.0 0.00 0.00
87.0 606.0 0.00 0.00
1550.0 947.0 0.00 0.00
323.0 978.0 0.00 0.00
740.0 492.0 0.00 0.00
1099.0 877.0 0.00 0.00
1228.0 669.0 0.00 0.00
322.0 695.0 0.00 0.00
704.0 744.0 0.00 0.00
689.0 571.0 0.00 0.00
149.0 403.0 0.00 0.00
130.0 283.0 0.00 0.00
1205.0 901.0 0.00 0.00
392.0 977.0 0.00 0.00
1706.0 595.0 0.00 0.00
190.0 1123.0 0.00 0.00
742.0 723.0 0.00 0.00
740.0 581.0 0.00 0.00
373.0 482.0 0.00 0.00
101.0 874.0 0.00 0.00
460.0 369.0 0.00 0.00
1671.0 523.0 0.00 0.00
1788.0 797.0 0.00 0.00
805.0 511.0 0.00 0.00
1499.0 618.0 0.00 0.00
1068.0 838.0 0.00 0.00
1673.0 656.0 0.00 0.00
1610.0 986.0 0.00 0.00
1504.0 640.0 0.00 0.00
126.0 337.0 0.00 0.00
22.0 772.0 0.00 0.00
802.0 951.0 0.00 0.00
1073.0 847.0 0.00 0.00
1385.0 949.0 0.00 0.00
1302.0 635.0 0.00 0.00
612.0 433.0 0.00 0.00
1121.0 729.0 0.00 0.00
987.0 813.0 0.00 0.00
1002.0 650.0 0.00 0.00
249.0 1180.0 0.00 0.00
436.0 422.0 0.00 0.00
472.0 938.0 0.00 0.00
784.0 826.0 0.00 0.00
398.0 407.0 0.00 0.00
382.0 686.0 0.00 0.00
207.0 799.0 0.00 0.00
1643.0 602.0 0.00 0.00
1650.0 627.0 0.00 0.00
1123.0 597.0 0.00 0.00
1450.0 980.0 0.00 0.00
1434.0 787.0 0.00 0.00
1064.0 809.0 0.00 0.00
765.0 535.0 0.00 0.00
1751.0 351.0 0.00 0.00
586.0 803.0 0.00 0.00
1201.0 677.0 0.00 0.00
480.0 756.0 0.00 0.00
259.0 504.0 0.00 0.00
895.0 925.0 0.00 0.00
1076.0 763.0 0.00 0.00
1550.0 603.0 0.00 0.00
1275.0 977.0 0.00 0.00
1595.0 902.0 0.00 0.00
695.0 854.0 0.00 0.00
1176.0 764.0 0.00 0.00
1300.0 735.0 0.00 0.00
1706.0 722.0 0.00 0.00
1643.0 694.0 0.00 0.00
177.0 752.0 0.00 0.00
1510.0 632.0 0.00 0.00
1127.0 707.0 0.00 0.00
1265.0 873.0 0.00 0.00
838.0 483.0 0.00 0.00
298.0 456.0 0.00 0.00
811.0 815.0 0.00 0.00
1225.0 677.0 0.00 0.00
1102.0 841.0 0.00 0.00
124.0 502.0 0.00 0.00
1254.0 720.0 0.00 0.00
397.0 585.0 0.00 0.00
765.0 565.0 0.00 0.00
1250.0 628.0 0.00 0.00
1238.0 1167.0 0.00 0.00
1282.0 820.0 0.00 0.00
1043.0 656.0 0.00 0.00
110.0 946.0 0.00 0.00
702.0 784.0 0.00 0.00
802.0 496.0 0.00 0.00
569.0 518.0 0.00 0.00
64.0 349.0 0.00 0.00
1096.0 619.0 0.00 0.00
407.0 632.0 0.00 0.00
340.0 444.0 0.00 0.00
1047.0 894.0 0.00 0.00
1699.0 625.0 0.00 0.00
1397.0 980.0 0.00 0.00
1452.0 777.0 0.00 0.00
672.0 773.0 0.00 0.00
1186.0 712.0 0.00 0.00
200.0 952.0 0.00 0.00
1517.0 714.0 0.00 0.00
725.0 925.0 0.00 0.00
1737.0 919.0 0.00 0.00
1620.0 967.0 0.00 0.00
65.0 330.0 0.00 0.00
899.0 693.0 0.00 0.00
980.0 870.0 0.00 0.00
519.0 758.0 0.00 0.00
213.0 943.0 0.00 0.00
1649.0 920.0 0.00 0.00
125.0 915.0 0.00 0.00
432.0 733.0 0.00 0.00
1665.0 971.0 0.00 0.00
87.0 401.0 0.00 0.00
1669.0 259.0 0.00 0.00
241.0 505.0 0.00 0.00
668.0 656.0 0.00 0.00
887.0 152.0 0.00 0.00
1004.0 736.0 0.00 0.00
789.0 600.0 0.00 0.00
727.0 726.0 0.00 0.00
495.0 434.0 0.00 0.00
886.0 974.0 0.00 0.00
1696.0 231.0 0.00 0.00
1314.0 1188.0 0.00 0.00
27.0 503.0 0.00 0.00
1651.0 962.0 0.00 0.00
178.0 508.0 0.00 0.00
731.0 455.0 0.00 0.00
1622.0 758.0 0.00 0.00
134.0 1191.0 0.00 0.00
1456.0 879.0 0.00 0.00
413.0 924.0 0.00 0.00
56.0 688.0 0.00 0.00
497.0 608.0 0.00 0.00
673.0 855.0 0.00 0.00
937.0 844.0 0.00 0.00
129.0 471.0 0.00 0.00
879.0 899.0 0.00 0.00
41.0 731.0 0.00 0.00
574.0 685.0 0.00 0.00
180.0 355.0 0.00 0.00
1600.0 587.0 0.00 0.00
446.0 831.0 0.00 0.00
459.0 751.0 0.00 0.00
1394.0 948.0 0.00 0.00
1008.0 893.0 0.00 0.00
39.0 347.0 0.00 0.00
1576.0 866.0 0.00 0.00
339.0 732.0 0.00 0.00
302.0 876.0 0.00 0.00
223.0 484.0 0.00 0.00
1682.0 783.0 0.00 0.00
1465.0 746.0 0.00 0.00
147.0 894.0 0.00 0.00
1302.0 642.0 0.00 0.00
1251.0 730.0 0.00 0.00
15.0 962.0 0.00 0.00
623.0 443.0 0.00 0.00
199.0 979.0 0.00 0.00
706.0 520.0 0.00 0.00
486.0 940.0 0.00 0.00
1207.0 973.0 0.00 0.00
528.0 552.0 0.00 0.00
1082.0 798.0 0.00 0.00
137.0 715.0 0.00 0.00
1674.0 560.0 0.00 0.00
118.0 400.0 0.00 0.00
815.0 25.0 0.00 0.00
474.0 544.0 0.00 0.00
1304.0 715.0 0.00 0.00
1530.0 784.0 0.00 0.00
328.0 925.0 0.00 0.00
759.0 733.0 0.00 0.00
1017.0 736.0 0.00 0.00
861.0 954.0 0.00 0.00
298.0 422.0 0.00 0.00
1074.0 923.0 0.00 0.00
25.0 330.0 0.00 0.00
673.0 459.0 0.00 0.00
808.0 771.0 0.00 0.00
1681.0 234.0 0.00 0.00
602.0 767.0 0.00 0.00
1080.0 672.0 0.00 0.00
1450.0 904.0 0.00 0.00
70.0 789.0 0.00 0.00
205.0 375.0 0.00 0.00
676.0 890.0 0.00 0.00
774.0 705.0 0.00 0.00
892.0 899.0 0.00 0.00
1006.0 852.0 0.00 0.00
156.0 365.0 0.00 0.00
714.0 696.0 0.00 0.00
1285.0 704.0 0.00 0.00
685.0 591.0 0.00 0.00
385.0 732.0 0.00 0.00
371.0 790.0 0.00 0.00
769.0 493.0 0.00 0.00
444.0 917.0 0.00 0.00
512.0 369.0 0.00 0.00
1603.0 804.0 0.00 0.00
1417.0 625.0 0.00 0.00
1396.0 673.0 0.00 0.00
1267.0 955.0 0.00 0.00
911.0 838.0 0.00 0.00
921.0 623.0 0.00 0.00
1581.0 891.0 0.00 0.00
32.0 960.0 0.00 0.00
8.0 458.0 0.00 0.00
1703.0 578.0 0.00 0.00
588.0 473.0 0.00 0.00
39.0 786.0 0.00 0.00
340.0 434.0 0.00 0.00
298.0 544.0 0.00 0.00
792.0 643.0 0.00 0.00
1009.0 792.0 0.00 0.00
1380.0 739.0 0.00 0.00
1665.0 427.0 0.00 0.00
411.0 978.0 0.00 0.00
689.0 555.0 0.00 0.00
165.0 954.0 0.00 0.00
146.0 617.0 0.00 0.00
1483.0 743.0 0.00 0.00
720.0 447.0 0.00 0.00
211.0 386.0 0.00 0.00
925.0 719.0 0.00 0.00
215.0 861.0 0.00 0.00
644.0 798.0 0.00 0.00
1623.0 636.0 0.00 0.00
536.0 720.0 0.00 0.00
1743.0 942.0 0.00 0.00
164.0 570.0 0.00 0.00
1063.0 596.0 0.00 0.00
833.0 966.0 0.00 0.00
921.0 941.0 0.00 0.00
1563.0 700.0 0.00 0.00
1279.0 811.0 0.00 0.00
1639.0 681.0 0.00 0.00
837.0 570.0 0.00 0.00
583.0 414.0 0.00 0.00
824.0 842.0 0.00 0.00
266.0 696.0 0.00 0.00
640.0 729.0 0.00 0.00
793.0 613.0 0.00 0.00
103.0 447.0 0.00 0.00
1667.0 459.0 0.00 0.00
1629.0 606.0 0.00 0.00
268.0 465.0 0.00 0.00
472.0 480.0 0.00 0.00
1663.0 588.0 0.00 0.00
1400.0 686.0 0.00 0.00
449.0 563.0 0.00 0.00
1687.0 664.0 0.00 0.00
808.0 761.0 0.00 0.00
854.0 723.0 0.00 0.00
101.0 886.0 0.00 0.00
292.0 904.0 0.00 0.00
404.0 673.0 0.00 0.00
879.0 941.0 0.00 0.00
673.0 966.0 0.00 0.00
1160.0 742.0 0.00 0.00
55.0 951.0 0.00 0.00
143.0 313.0 0.00 0.00
860.0 596.0 0.00 0.00
833.0 831.0 0.00 0.00
229.0 908.0 0.00 0.00
1428.0 607.0 0.00 0.00
76.0 599.0 0.00 0.00
522.0 443.0 0.00 0.00
1567.0 620.0 0.00 0.00
1238.0 775.0 0.00 0.00
773.0 666.0 0.00 0.00
293.0 977.0 0.00 0.00
878.0 963.0 0.00 0.00
967.0 705.0 0.00 0.00
242.0 321.0 0.00 0.00
731.0 503.0 0.00 0.00
1114.0 1190.0 0.00 0.00
1135.0 659.0 0.00 0.00
308.0 353.0 0.00 0.00
1428.0 923.0 0.00 0.00
1368.0 917.0 0.00 0.00
981.0 937.0 0.00 0.00
129.0 874.0 0.00 0.00
92.0 298.0 0.00 0.00
1591.0 668.0 0.00 0.00
867.0 914.0 0.00 0.00
1685.0 637.0 0.00 0.00
1111.0 805.0 0.00 0.00
222.0 519.0 0.00 0.00
650.0 536.0 0.00 0.00
743.0 351.0 0.00 0.00
1534.0 869.0 0.00 0.00
1002.0 608.0 0.00 0.00
632.0 965.0 0.00 0.00
612.0 516.0 0.00 0.00
786.0 836.0 0.00 0.00
1247.0 738.0 0.00 0.00
122.0 381.0 0.00 0.00
598.0 779.0 0.00 0.00
1249.0 858.0 0.00 0.00
950.0 973.0 0.00 0.00
1285.0 725.0 0.00 0.00
751.0 784.0 0.00 0.00
615.0 105.0 0.00 0.00
809.0 680.0 0.00 0.00
851.0 596.0 0.00 0.00
167.0 916.0 0.00 0.00
1726.0 627.0 0.00 0.00
592.0 683.0 0.00 0.00
90.0 381.0 0.00 0.00
1168.0 640.0 0.00 0.00
630.0 890.0 0.00 0.00
1358.0 663.0 0.00 0.00
1351.0 649.0 0.00 0.00
1131.0 823.0 0.00 0.00
499.0 1180.0 0.00 0.00
661.0 949.0 0.00 0.00
1185.0 1151.0 0.00 0.00
880.0 832.0 0.00 0.00
1227.0 812.0 0.00 0.00
272.0 578.0 0.00 0.00
1368.0 1188.0 0.00 0.00
360.0 872.0 0.00 0.00
694.0 841.0 0.00 0.00
609.0 741.0 0.00 0.00
1502.0 718.0 0.00 0.00
834.0 757.0 0.00 0.00
1383.0 817.0 0.00 0.00
78.0 687.0 0.00 0.00
1611.0 887.0 0.00 0.00
238.0 646.0 0.00 0.00
1348.0 845.0 0.00 0.00
934.0 619.0 0.00 0.00
1694.0 719.0 0.00 0.00
1417.0 616.0 0.00 0.00
439.0 377.0 0.00 0.00
775.0 733.0 0.00 0.00
684.0 807.0 0.00 0.00
1684.0 594.0 0.00 0.00
660.0 783.0 0.00 0.00
966.0 645.0 0.00 0.00
717.0 787.0 0.00 0.00
1011.0 716.0 0.00 0.00
1744.0 217.0 0.00 0.00
953.0 760.0 0.00 0.00
812.0 569.0 0.00 0.00
1398.0 1166.0 0.00 0.00
1085.0 785.0 0.00 0.00
1059.0 867.0 0.00 0.00
1656.0 592.0 0.00 0.00
1421.0 839.0 0.00 0.00
1475.0 644.0 0.00 0.00
984.0 971.0 0.00 0.00
809.0 741.0 0.00 0.00
434.0 434.0 0.00 0.00
341.0 465.0 0.00 0.00
1100.0 972.0 0.00 0.00
574.0 471.0 0.00 0.00
868.0 745.0 0.00 0.00
509.0 736.0 0.00 0.00
306.0 417.0 0.00 0.00
782.0 546.0 0.00 0.00
472.0 532.0 0.00 0.00
192.0 624.0 0.00 0.00
292.0 633.0 0.00 0.00
1270.0 692.0 0.00 0.00
141.0 551.0 0.00 0.00
866.0 840.0 0.00 0.00
851.0 686.0 0.00 0.00
1643.0 611.0 0.00 0.00
1633.0 752.0 0.00 0.00
1123.0 949.0 0.00 0.00
415.0 440.0 0.00 0.00
278.0 427.0 0.00 0.00
9.0 702.0 0.00 0.00
1330.0 670.0 0.00 0.00
532.0 856.0 0.00 0.00
26.0 653.0 0.00 0.00
631.0 656.0 0.00 0.00
1153.0 797.0 0.00 0.00
173.0 466.0 0.00 0.00
332.0 528.0 0.00 0.00
1790.0 207.0 0.00 0.00
898.0 748.0 0.00 0.00
1607.0 432.0 0.00 0.00
1513.0 614.0 0.00 0.00
202.0 500.0 0.00 0.00
933.0 777.0 0.00 0.00
1186.0 691.0 0.00 0.00
1655.0 784.0 0.00 0.00
519.0 939.0 0.00 0.00
1289.0 735.0 0.00 0.00
523.0 720.0 0.00 0.00
1709.0 886.0 0.00 0.00
155.0 1097.0 0.00 0.00
1716.0 740.0 0.00 0.00
1337.0 855.0 0.00 0.00
1707.0 751.0 0.00 0.00
62.0 598.0 0.00 0.00
109.0 678.0 0.00 0.00
67.0 628.0 0.00 0.00
136.0 983.0 0.00 0.00
690.0 496.0 0.00 0.00
188.0 296.0 0.00 0.00
263.0 878.0 0.00 0.00
28.0 935.0 0.00 0.00
200.0 908.0 0.00 0.00
1675.0 640.0 0.00 0.00
61.0 254.0 0.00 0.00
1351.0 771.0 0.00 0.00
16.0 588.0 0.00 0.00
1290.0 661.0 0.00 0.00
1248.0 399.0 0.00 0.00
1315.0 899.0 0.00 0.00
893.0 740.0 0.00 0.00
384.0 502.0 0.00 0.00
1100.0 900.0 0.00 0.00
1727.0 923.0 0.00 0.00
628.0 1180.0 0.00 0.00
807.0 928.0 0.00 0.00
408.0 873.0 0.00 0.00
463.0 579.0 0.00 0.00
808.0 841.0 0.00 0.00
1394.0 715.0 0.00 0.00
954.0 890.0 0.00 0.00
127.0 904.0 0.00 0.00
1628.0 597.0 0.00 0.00
407.0 917.0 0.00 0.00
117.0 385.0 0.00 0.00
1672.0 666.0 0.00 0.00
323.0 791.0 0.00 0.00
1584.0 635.0 0.00 0.00
1086.0 1138.0 0.00 0.00
586.0 780.0 0.00 0.00
192.0 321.0 0.00 0.00
125.0 295.0 0.00 0.00
1042.0 949.0 0.00 0.00
29.0 925.0 0.00 0.00
133.0 608.0 0.00 0.00
1629.0 584.0 0.00 0.00
136.0 723.0 0.00 0.00
281.0 862.0 0.00 0.00
1697.0 378.0 0.00 0.00
165.0 410.0 0.00 0.00
834.0 786.0 0.00 0.00
751.0 927.0 0.00 0.00
573.0 724.0 0.00 0.00
1104.0 950.0 0.00 0.00
464.0 451.0 0.00 0.00
1572.0 939.0 0.00 0.00
586.0 959.0 0.00 0.00
1265.0 845.0 0.00 0.00
419.0 523.0 0.00 0.00
186.0 834.0 0.00 0.00
758.0 950.0 0.00 0.00
976.0 650.0 0.00 0.00
111.0 358.0 0.00 0.00
358.0 944.0 0.00 0.00
1155.0 913.0 0.00 0.00
778.0 451.0 0.00 0.00
19.0 703.0 0.00 0.00
549.0 615.0 0.00 0.00
106.0 337.0 0.00 0.00
63.0 432.0 0.00 0.00
616.0 966.0 0.00 0.00
880.0 688.0 0.00 0.00
80.0 300.0 0.00 0.00
290.0 1123.0 0.00 0.00
372.0 400.0 0.00 0.00
599.0 842.0 0.00 0.00
833.0 888.0 0.00 0.00
363.0 646.0 0.00 0.00
10.0 633.0 0.00 0.00
1538.0 948.0 0.00 0.00
1383.0 917.0 0.00 0.00
849.0 796.0 0.00 0.00
1261.0 933.0 0.00 0.00
502.0 533.0 0.00 0.00
1642.0 974.0 0.00 0.00
1718.0 623.0 0.00 0.00
495.0 643.0 0.00 0.00
412.0 938.0 0.00 0.00
703.0 546.0 0.00 0.00
1023.0 657.0 0.00 0.00
438.0 1088.0 0.00 0.00
1351.0 616.0 0.00 0.00
455.0 472.0 0.00 0.00
408.0 1163.0 0.00 0.00
185.0 498.0 0.00 0.00
548.0 851.0 0.00 0.00
1632.0 936.0 0.00 0.00
203.0 551.0 0.00 0.00
749.0 670.0 0.00 0.00
1651.0 834.0 0.00 0.00
1666.0 439.0 0.00 0.00
999.0 714.0 0.00 0.00
167.0 751.0 0.00 0.00
447.0 358.0 0.00 0.00
1735.0 225.0 0.00 0.00
1360.0 803.0 0.00 0.00
837.0 476.0 0.00 0.00
751.0 903.0 0.00 0.00
1145.0 698.0 0.00 0.00
47.0 652.0 0.00 0.00
1429.0 887.0 0.00 0.00
174.0 474.0 0.00 0.00
1205.0 857.0 0.00 0.00
539.0 593.0 0.00 0.00
192.0 537.0 0.00 0.00
1231.0 975.0 0.00 0.00
473.0 789.0 0.00 0.00
1686.0 629.0 0.00 0.00
1289.0 713.0 0.00 0.00
389.0 381.0 0.00 0.00
452.0 416.0 0.00 0.00
1408.0 699.0 0.00 0.00
1054.0 649.0 0.00 0.00
1669.0 855.0 0.00 0.00
112.0 277.0 0.00 0.00
594.0 561.0 0.00 0.00
1749.0 338.0 0.00 0.00
370.0 716.0 0.00 0.00
291.0 1164.0 0.00 0.00
949.0 1088.0 0.00 0.00
921.0 863.0 0.00 0.00
944.0 876.0 0.00 0.00
1624.0 723.0 0.00 0.00
1286.0 901.0 0.00 0.00
1681.0 921.0 0.00 0.00
1157.0 627.0 0.00 0.00
391.0 917.0 0.00 0.00
55.0 597.0 0.00 0.00
833.0 925.0 0.00 0.00
547.0 719.0 0.00 0.00
750.0 720.0 0.00 0.00
261.0 907.0 0.00 0.00
1451.0 648.0 0.00 0.00
119.0 364.0 0.00 0.00
481.0 375.0 0.00 0.00
1091.0 961.0 0.00 0.00
882.0 629.0 0.00 0.00
1705.0 653.0 0.00 0.00
1565.0 973.0 0.00 0.00
992.0 902.0 0.00 0.00
720.0 855.0 0.00 0.00
35.0 1153.0 0.00 0.00
1642.0 237.0 0.00 0.00
740.0 687.0 0.00 0.00
1420.0 829.0 0.00 0.00
74.0 732.0 0.00 0.00
921.0 856.0 0.00 0.00
1091.0 853.0 0.00 0.00
192.0 419.0 0.00 0.00
121.0 688.0 0.00 0.00
1284.0 760.0 0.00 0.00
1272.0 857.0 0.00 0.00
694.0 909.0 0.00 0.00
376.0 341.0 0.00 0.00
1681.0 832.0 0.00 0.00
1292.0 845.0 0.00 0.00
591.0 639.0 0.00 0.00
1126.0 788.0 0.00 0.00
1654.0 880.0 0.00 0.00
1359.0 841.0 0.00 0.00
1208.0 640.0 0.00 0.00
316.0 595.0 0.00 0.00
1648.0 659.0 0.00 0.00
1060.0 852.0 0.00 0.00
1672.0 802.0 0.00 0.00
631.0 532.0 0.00 0.00
519.0 871.0 0.00 0.00
1179.0 585.0 0.00 0.00
1587.0 885.0 0.00 0.00
685.0 872.0 0.00 0.00
1423.0 905.0 0.00 0.00
305.0 582.0 0.00 0.00
1728.0 715.0 0.00 0.00
353.0 633.0 0.00 0.00
546.0 727.0 0.00 0.00
222.0 398.0 0.00 0.00
852.0 456.0 0.00 0.00
208.0 573.0 0.00 0.00
944.0 826.0 0.00 0.00
127.0 752.0 0.00 0.00
1668.0 787.0 0.00 0.00
326.0 942.0 0.00 0.00
231.0 876.0 0.00 0.00
966.0 860.0 0.00 0.00
438.0 1136.0 0.00 0.00
88.0 757.0 0.00 0.00
1009.0 1145.0 0.00 0.00
1304.0 658.0 0.00 0.00
1184.0 629.0 0.00 0.00
111.0 895.0 0.00 0.00
319.0 679.0 0.00 0.00
401.0 536.0 0.00 0.00
1340.0 699.0 0.00 0.00
1570.0 647.0 0.00 0.00
304.0 482.0 0.00 0.00
761.0 806.0 0.00 0.00
31.0 285.0 0.00 0.00
866.0 889.0 0.00 0.00
815.0 400.0 0.00 0.00
318.0 916.0 0.00 0.00
1450.0 706.0 0.00 0.00
1090.0 706.0 0.00 0.00
247.0 640.0 0.00 0.00
776.0 966.0 0.00 0.00
331.0 494.0 0.00 0.00
127.0 272.0 0.00 0.00
1629.0 798.0 0.00 0.00
1766.0 307.0 0.00 0.00
1384.0 649.0 0.00 0.00
796.0 621.0 0.00 0.00
177.0 415.0 0.00 0.00
32.0 972.0 0.00 0.00
535.0 660.0 0.00 0.00
622.0 774.0 0.00 0.00
321.0 515.0 0.00 0.00
1655.0 869.0 0.00 0.00
341.0 344.0 0.00 0.00
1145.0 806.0 0.00 0.00
231.0 951.0 0.00 0.00
1666.0 687.0 0.00 0.00
881.0 820.0 0.00 0.00
1325.0 680.0 0.00 0.00
601.0 825.0 0.00 0.00
538.0 1127.0 0.00 0.00
1319.0 825.0 0.00 0.00
1668.0 473.0 0.00 0.00
1500.0 774.0 0.00 0.00
1559.0 810.0 0.00 0.00
1130.0 744.0 0.00 0.00
1743.0 229.0 0.00 0.00
1292.0 782.0 0.00 0.00
1405.0 637.0 0.00 0.00
135.0 916.0 0.00 0.00
384.0 618.0 0.00 0.00
123.0 327.0 0.00 0.00
743.0 966.0 0.00 0.00
1095.0 767.0 0.00 0.00
630.0 420.0 0.00 0.00
1437.0 623.0 0.00 0.00
585.0 693.0 0.00 0.00
1520.0 785.0 0.00 0.00
736.0 705.0 0.00 0.00
1626.0 911.0 0.00 0.00
1172.0 855.0 0.00 0.00
759.0 966.0 0.00 0.00
1446.0 875.0 0.00 0.00
461.0 1114.0 0.00 0.00
694.0 435.0 0.00 0.00
335.0 373.0 0.00 0.00
1748.0 446.0 0.00 0.00
611.0 504.0 0.00 0.00
72.0 1150.0 0.00 0.00
867.0 854.0 0.00 0.00
1752.0 217.0 0.00 0.00
43.0 460.0 0.00 0.00
1368.0 745.0 0.00 0.00
886.0 964.0 0.00 0.00
357.0 768.0 0.00 0.00
50.0 328.0 0.00 0.00
1692.0 871.0 0.00 0.00
403.0 772.0 0.00 0.00
1615.0 814.0 0.00 0.00
1469.0 604.0 0.00 0.00
1054.0 664.0 0.00 0.00
952.0 783.0 0.00 0.00
1652.0 598.0 0.00 0.00
1116.0 846.0 0.00 0.00
792.0 935.0 0.00 0.00
1118.0 686.0 0.00 0.00
902.0 799.0 0.00 0.00
90.0 415.0 0.00 0.00
1549.0 984.0 0.00 0.00
1781.0 662.0 0.00 0.00
1676.0 245.0 0.00 0.00
1551.0 665.0 0.00 0.00
732.0 922.0 0.00 0.00
440.0 346.0 0.00 0.00
1658.0 609.0 0.00 0.00
784.0 498.0 0.00 0.00
1734.0 787.0 0.00 0.00
833.0 862.0 0.00 0.00
170.0 904.0 0.00 0.00
1669.0 629.0 0.00 0.00
954.0 797.0 0.00 0.00
1159.0 692.0 0.00 0.00
78.0 763.0 0.00 0.00
56.0 785.0 0.00 0.00
474.0 695.0 0.00 0.00
1339.0 637.0 0.00 0.00
1717.0 606.0 0.00 0.00
387.0 539.0 0.00 0.00
1689.0 767.0 0.00 0.00
616.0 806.0 0.00 0.00
1261.0 675.0 0.00 0.00
69.0 949.0 0.00 0.00
1072.0 803.0 0.00 0.00
208.0 619.0 0.00 0.00
79.0 479.0 0.00 0.00
1670.0 742.0 0.00 0.00
406.0 348.0 0.00 0.00
1634.0 801.0 0.00 0.00
1646.0 800.0 0.00 0.00
1571.0 708.0 0.00 0.00
184.0 304.0 0.00 0.00
1059.0 841.0 0.00 0.00
1728.0 737.0 0.00 0.00
804.0 606.0 0.00 0.00
421.0 649.0 0.00 0.00
173.0 874.0 0.00 0.00
1690.0 654.0 0.00 0.00
1613.0 628.0 0.00 0.00
32.0 256.0 0.00 0.00
1523.0 630.0 0.00 0.00
1082.0 924.0 0.00 0.00
1132.0 853.0 0.00 0.00
291.0 883.0 0.00 0.00
348.0 758.0 0.00 0.00
269.0 1154.0 0.00 0.00
1332.0 739.0 0.00 0.00
1050.0 712.0 0.00 0.00
408.0 557.0 0.00 0.00
1343.0 609.0 0.00 0.00
307.0 741.0 0.00 0.00
1194.0 812.0 0.00 0.00
701.0 440.0 0.00 0.00
1063.0 608.0 0.00 0.00
1186.0 665.0 0.00 0.00
1567.0 599.0 0.00 0.00
1471.0 842.0 0.00 0.00
1317.0 855.0 0.00 0.00
1454.0 664.0 0.00 0.00
412.0 698.0 0.00 0.00
402.0 681.0 0.00 0.00
1252.0 752.0 0.00 0.00
1026.0 830.0 0.00 0.00
299.0 521.0 0.00 0.00
44.0 609.0 0.00 0.00
895.0 112.0 0.00 0.00
410.0 831.0 0.00 0.00
401.0 383.0 0.00 0.00
207.0 264.0 0.00 0.00
1207.0 957.0 0.00 0.00
153.0 411.0 0.00 0.00
436.0 525.0 0.00 0.00
292.0 500.0 0.00 0.00
1281.0 637.0 0.00 0.00
1769.0 576.0 0.00 0.00
164.0 316.0 0.00 0.00
778.0 600.0 0.00 0.00
211.0 737.0 0.00 0.00
252.0 350.0 0.00 0.00
851.0 570.0 0.00 0.00
77.0 448.0 0.00 0.00
854.0 736.0 0.00 0.00
281.0 1181.0 0.00 0.00
1775.0 213.0 0.00 0.00
63.0 276.0 0.00 0.00
1599.0 736.0 0.00 0.00
1368.0 706.0 0.00 0.00
1285.0 748.0 0.00 0.00
46.0 296.0 0.00 0.00
176.0 315.0 0.00 0.00
833.0 699.0 0.00 0.00
28.0 457.0 0.00 0.00
748.0 453.0 0.00 0.00
400.0 874.0 0.00 0.00
1402.0 610.0 0.00 0.00
153.0 474.0 0.00 0.00
410.0 358.0 0.00 0.00
1548.0 880.0 0.00 0.00
18.0 874.0 0.00 0.00
1337.0 932.0 0.00 0.00
1279.0 676.0 0.00 0.00
801.0 1172.0 0.00 0.00
1787.0 218.0 0.00 0.00
1010.0 609.0 0.00 0.00
930.0 926.0 0.00 0.00
1523.0 604.0 0.00 0.00
438.0 724.0 0.00 0.00
934.0 703.0 0.00 0.00
1648.0 791.0 0.00 0.00
398.0 1079.0 0.00 0.00
1001.0 594.0 0.00 0.00
1635.0 835.0 0.00 0.00
914.0 687.0 0.00 0.00
1582.0 938.0 0.00 0.00
662.0 911.0 0.00 0.00
1768.0 942.0 0.00 0.00
17.0 284.0 0.00 0.00
880.0 304.0 0.00 0.00
438.0 1187.0 0.00 0.00
963.0 740.0 0.00 0.00
182.0 666.0 0.00 0.00
142.0 874.0 0.00 0.00
1597.0 960.0 0.00 0.00
1299.0 976.0 0.00 0.00
1587.0 955.0 0.00 0.00
20.0 785.0 0.00 0.00
753.0 806.0 0.00 0.00
368.0 513.0 0.00 0.00
963.0 871.0 0.00 0.00
670.0 784.0 0.00 0.00
1604.0 907.0 0.00 0.00
1552.0 95.0 0.00 0.00
1611.0 605.0 0.00 0.00
138.0 460.0 0.00 0.00
1702.0 290.0 0.00 0.00
935.0 741.0 0.00 0.00
1306.0 947.0 0.00 0.00
368.0 977.0 0.00 0.00
138.0 808.0 0.00 0.00
811.0 722.0 0.00 0.00
1599.0 831.0 0.00 0.00
468.0 915.0 0.00 0.00
1091.0 913.0 0.00 0.00
945.0 912.0 0.00 0.00
156.0 480.0 0.00 0.00
1422.0 737.0 0.00 0.00
1711.0 872.0 0.00 0.00
149.0 516.0 0.00 0.00
286.0 406.0 0.00 0.00
1558.0 961.0 0.00 0.00
170.0 672.0 0.00 0.00
499.0 383.0 0.00 0.00
1215.0 727.0 0.00 0.00
444.0 628.0 0.00 0.00
1451.0 758.0 0.00 0.00
1437.0 748.0 0.00 0.00
965.0 972.0 0.00 0.00
1013.0 754.0 0.00 0.00
1342.0 782.0 0.00 0.00
1449.0 610.0 0.00 0.00
1488.0 633.0 0.00 0.00
1472.0 856.0 0.00 0.00
1631.0 920.0 0.00 0.00
531.0 468.0 0.00 0.00
1279.0 653.0 0.00 0.00
1007.0 969.0 0.00 0.00
1691.0 884.0 0.00 0.00
198.0 464.0 0.00 0.00
179.0 720.0 0.00 0.00
1321.0 874.0 0.00 0.00
610.0 901.0 0.00 0.00
575.0 657.0 0.00 0.00
162.0 518.0 0.00 0.00
314.0 1173.0 0.00 0.00
1606.0 955.0 0.00 0.00
1087.0 160.0 0.00 0.00
661.0 967.0 0.00 0.00
304.0 891.0 0.00 0.00
537.0 604.0 0.00 0.00
974.0 719.0 0.00 0.00
122.0 313.0 0.00 0.00
142.0 473.0 0.00 0.00
1346.0 916.0 0.00 0.00
919.0 761.0 0.00 0.00
1244.0 639.0 0.00 0.00
52.0 560.0 0.00 0.00
259.0 513.0 0.00 0.00
1034.0 89.0 0.00 0.00
326.0 1184.0 0.00 0.00
909.0 888.0 0.00 0.00
1415.0 842.0 0.00 0.00
395.0 691.0 0.00 0.00
1644.0 706.0 0.00 0.00
373.0 1170.0 0.00 0.00
894.0 911.0 0.00 0.00
489.0 368.0 0.00 0.00
761.0 869.0 0.00 0.00
1696.0 891.0 0.00 0.00
1029.0 1184.0 0.00 0.00
1598.0 1171.0 0.00 0.00
860.0 625.0 0.00 0.00
483.0 545.0 0.00 0.00
1209.0 765.0 0.00 0.00
1175.0 642.0 0.00 0.00
158.0 718.0 0.00 0.00
1705.0 833.0 0.00 0.00
1392.0 739.0 0.00 0.00
1558.0 770.0 0.00 0.00
852.0 843.0 0.00 0.00
1006.0 689.0 0.00 0.00
1689.0 302.0 0.00 0.00
261.0 288.0 0.00 0.00
1230.0 208.0 0.00 0.00
1488.0 722.0 0.00 0.00
1569.0 664.0 0.00 0.00
608.0 523.0 0.00 0.00
1011.0 774.0 0.00 0.00
251.0 533.0 0.00 0.00
746.0 948.0 0.00 0.00
743.0 513.0 0.00 0.00
469.0 1183.0 0.00 0.00
929.0 596.0 0.00 0.00
954.0 958.0 0.00 0.00
1530.0 639.0 0.00 0.00
1327.0 822.0 0.00 0.00
1666.0 598.0 0.00 0.00
335.0 767.0 0.00 0.00
1230.0 857.0 0.00 0.00
1218.0 734.0 0.00 0.00
491.0 1155.0 0.00 0.00
1464.0 949.0 0.00 0.00
185.0 555.0 0.00 0.00
231.0 279.0 0.00 0.00
1020.0 651.0 0.00 0.00
1483.0 774.0 0.00 0.00
1696.0 189.0 0.00 0.00
583.0 581.0 0.00 0.00
1437.0 656.0 0.00 0.00
809.0 624.0 0.00 0.00
215.0 400.0 0.00 0.00
1306.0 812.0 0.00 0.00
914.0 607.0 0.00 0.00
1239.0 946.0 0.00 0.00
1627.0 885.0 0.00 0.00
159.0 915.0 0.00 0.00
1526.0 1188.0 0.00 0.00
1632.0 558.0 0.00 0.00
1073.0 937.0 0.00 0.00
1310.0 817.0 0.00 0.00
282.0 540.0 0.00 0.00
1446.0 495.0 0.00 0.00
1705.0 974.0 0.00 0.00
413.0 549.0 0.00 0.00
513.0 551.0 0.00 0.00
1271.0 675.0 0.00 0.00
1160.0 711.0 0.00 0.00
1581.0 708.0 0.00 0.00
1204.0 143.0 0.00 0.00
509.0 933.0 0.00 0.00
1408.0 681.0 0.00 0.00
1665.0 903.0 0.00 0.00
519.0 831.0 0.00 0.00
1174.0 901.0 0.00 0.00
233.0 758.0 0.00 0.00
429.0 993.0 0.00 0.00
1393.0 848.0 0.00 0.00
1643.0 950.0 0.00 0.00
1270.0 1184.0 0.00 0.00
69.0 473.0 0.00 0.00
652.0 909.0 0.00 0.00
1253.0 790.0 0.00 0.00
89.0 498.0 0.00 0.00
1296.0 674.0 0.00 0.00
780.0 895.0 0.00 0.00
1731.0 558.0 0.00 0.00
346.0 1187.0 0.00 0.00
301.0 909.0 0.00 0.00
867.0 818.0 0.00 0.00
945.0 719.0 0.00 0.00
775.0 767.0 0.00 0.00
431.0 832.0 0.00 0.00
1043.0 694.0 0.00 0.00
1183.0 448.0 0.00 0.00
470.0 923.0 0.00 0.00
190.0 588.0 0.00 0.00
1713.0 940.0 0.00 0.00
371.0 361.0 0.00 0.00
1654.0 750.0 0.00 0.00
1302.0 759.0 0.00 0.00
1676.0 672.0 0.00 0.00
307.0 1131.0 0.00 0.00
1587.0 878.0 0.00 0.00
587.0 521.0 0.00 0.00
422.0 463.0 0.00 0.00
855.0 786.0 0.00 0.00
999.0 468.0 0.00 0.00
687.0 482.0 0.00 0.00
1645.0 686.0 0.00 0.00
647.0 942.0 0.00 0.00
1049.0 938.0 0.00 0.00
279.0 346.0 0.00 0.00
1663.0 762.0 0.00 0.00
1280.0 643.0 0.00 0.00
1090.0 901.0 0.00 0.00
1523.0 611.0 0.00 0.00
1582.0 954.0 0.00 0.00
1781.0 552.0 0.00 0.00
1596.0 630.0 0.00 0.00
1679.0 935.0 0.00 0.00
1193.0 891.0 0.00 0.00
204.0 873.0 0.00 0.00
60.0 1082.0 0.00 0.00
748.0 873.0 0.00 0.00
64.0 617.0 0.00 0.00
833.0 977.0 0.00 0.00
253.0 1111.0 0.00 0.00
84.0 578.0 0.00 0.00
1182.0 835.0 0.00 0.00
463.0 382.0 0.00 0.00
1311.0 808.0 0.00 0.00
105.0 693.0 0.00 0.00
127.0 699.0 0.00 0.00
1742.0 899.0 0.00 0.00
1417.0 873.0 0.00 0.00
137.0 325.0 0.00 0.00
1270.0 729.0 0.00 0.00
598.0 726.0 0.00 0.00
426.0 772.0 0.00 0.00
13.0 480.0 0.00 0.00
1096.0 824.0 0.00 0.00
1564.0 1191.0 0.00 0.00
521.0 567.0 0.00 0.00
1693.0 784.0 0.00 0.00
1687.0 587.0 0.00 0.00
1650.0 400.0 0.00 0.00
370.0 873.0 0.00 0.00
279.0 394.0 0.00 0.00
954.0 895.0 0.00 0.00
1418.0 938.0 0.00 0.00
573.0 646.0 0.00 0.00
1408.0 928.0 0.00 0.00
270.0 566.0 0.00 0.00
47.0 359.0 0.00 0.00
336.0 831.0 0.00 0.00
415.0 392.0 0.00 0.00
409.0 443.0 0.00 0.00
1161.0 831.0 0.00 0.00
559.0 937.0 0.00 0.00
278.0 494.0 0.00 0.00
1396.0 875.0 0.00 0.00
917.0 797.0 0.00 0.00
1733.0 797.0 0.00 0.00
8.0 586.0 0.00 0.00
371.0 1162.0 0.00 0.00
71.0 268.0 0.00 0.00
1532.0 851.0 0.00 0.00
402.0 831.0 0.00 0.00
725.0 581.0 0.00 0.00
1474.0 777.0 0.00 0.00
1606.0 725.0 0.00 0.00
699.0 911.0 0.00 0.00
1445.0 706.0 0.00 0.00
1484.0 727.0 0.00 0.00
1161.0 790.0 0.00 0.00
365.0 539.0 0.00 0.00
57.0 487.0 0.00 0.00
1317.0 636.0 0.00 0.00
1379.0 629.0 0.00 0.00
717.0 505.0 0.00 0.00
1072.0 865.0 0.00 0.00
656.0 366.0 0.00 0.00
1690.0 699.0 0.00 0.00
1027.0 949.0 0.00 0.00
1064.0 624.0 0.00 0.00
355.0 371.0 0.00 0.00
1315.0 910.0 0.00 0.00
53.0 550.0 0.00 0.00
223.0 88.0 0.00 0.00
786.0 804.0 0.00 0.00
1135.0 876.0 0.00 0.00
1748.0 741.0 0.00 0.00
341.0 880.0 0.00 0.00
228.0 534.0 0.00 0.00
1297.0 703.0 0.00 0.00
1087.0 480.0 0.00 0.00
641.0 620.0 0.00 0.00
1068.0 650.0 0.00 0.00
773.0 757.0 0.00 0.00
1705.0 444.0 0.00 0.00
412.0 607.0 0.00 0.00
114.0 266.0 0.00 0.00
651.0 422.0 0.00 0.00
111.0 766.0 0.00 0.00
1263.0 104.0 0.00 0.00
922.0 963.0 0.00 0.00
1691.0 954.0 0.00 0.00
592.0 926.0 0.00 0.00
676.0 872.0 0.00 0.00
612.0 419.0 0.00 0.00
130.0 747.0 0.00 0.00
808.0 825.0 0.00 0.00
44.0 694.0 0.00 0.00
1061.0 1168.0 0.00 0.00
935.0 464.0 0.00 0.00
240.0 385.0 0.00 0.00
482.0 555.0 0.00 0.00
881.0 740.0 0.00 0.00
909.0 850.0 0.00 0.00
152.0 431.0 0.00 0.00
1008.0 572.0 0.00 0.00
1553.0 639.0 0.00 0.00
1595.0 686.0 0.00 0.00
224.0 734.0 0.00 0.00
1126.0 834.0 0.00 0.00
482.0 660.0 0.00 0.00
560.0 399.0 0.00 0.00
732.0 695.0 0.00 0.00
1385.0 640.0 0.00 0.00
113.0 559.0 0.00 0.00
466.0 1156.0 0.00 0.00
811.0 790.0 0.00 0.00
1012.0 595.0 0.00 0.00
1551.0 935.0 0.00 0.00
713.0 1128.0 0.00 0.00
1405.0 722.0 0.00 0.00
1119.0 695.0 0.00 0.00
1311.0 567.0 0.00 0.00
382.0 553.0 0.00 0.00
1593.0 705.0 0.00 0.00
480.0 199.0 0.00 0.00
681.0 943.0 0.00 0.00
178.0 332.0 0.00 0.00
178.0 533.0 0.00 0.00
588.0 667.0 0.00 0.00
748.0 650.0 0.00 0.00
387.0 431.0 0.00 0.00
838.0 464.0 0.00 0.00
1354.0 681.0 0.00 0.00
1600.0 699.0 0.00 0.00
647.0 497.0 0.00 0.00
232.0 317.0 0.00 0.00
1352.0 705.0 0.00 0.00
1342.0 856.0 0.00 0.00
1702.0 432.0 0.00 0.00
1270.0 1189.0 0.00 0.00
74.0 375.0 0.00 0.00
1383.0 845.0 0.00 0.00
1689.0 853.0 0.00 0.00
1177.0 744.0 0.00 0.00
935.0 287.0 0.00 0.00
860.0 1168.0 0.00 0.00
1367.0 1162.0 0.00 0.00
805.0 446.0 0.00 0.00
267.0 664.0 0.00 0.00
759.0 713.0 0.00 0.00
615.0 710.0 0.00 0.00
327.0 597.0 0.00 0.00
237.0 497.0 0.00 0.00
1096.0 608.0 0.00 0.00
1485.0 808.0 0.00 0.00
487.0 295.0 0.00 0.00
245.0 928.0 0.00 0.00
1091.0 950.0 0.00 0.00
10.0 772.0 0.00 0.00
1309.0 674.0 0.00 0.00
1124.0 938.0 0.00 0.00
206.0 564.0 0.00 0.00
957.0 929.0 0.00 0.00
497.0 742.0 0.00 0.00
1410.0 609.0 0.00 0.00
723.0 508.0 0.00 0.00
1161.0 864.0 0.00 0.00
1612.0 927.0 0.00 0.00
319.0 657.0 0.00 0.00
1332.0 644.0 0.00 0.00
1701.0 417.0 0.00 0.00
1319.0 583.0 0.00 0.00
1584.0 48.0 0.00 0.00
1218.0 772.0 0.00 0.00
331.0 434.0 0.00 0.00
520.0 381.0 0.00 0.00
647.0 653.0 0.00 0.00
1574.0 784.0 0.00 0.00
1320.0 672.0 0.00 0.00
760.0 224.0 0.00 0.00
76.0 650.0 0.00 0.00
979.0 663.0 0.00 0.00
808.0 782.0 0.00 0.00
1628.0 899.0 0.00 0.00
409.0 475.0 0.00 0.00
211.0 744.0 0.00 0.00
658.0 694.0 0.00 0.00
1201.0 805.0 0.00 0.00
26.0 479.0 0.00 0.00
1452.0 638.0 0.00 0.00
595.0 483.0 0.00 0.00
649.0 930.0 0.00 0.00
1061.0 1183.0 0.00 0.00
620.0 826.0 0.00 0.00
604.0 584.0 0.00 0.00
800.0 726.0 0.00 0.00
1048.0 575.0 0.00 0.00
385.0 721.0 0.00 0.00
1583.0 80.0 0.00 0.00
50.0 639.0 0.00 0.00
1263.0 41.0 0.00 0.00
907.0 635.0 0.00 0.00
1463.0 490.0 0.00 0.00
368.0 111.0 0.00 0.00
1135.0 767.0 0.00 0.00
398.0 546.0 0.00 0.00
687.0 928.0 0.00 0.00
673.0 535.0 0.00 0.00
1400.0 369.0 0.00 0.00
1009.0 939.0 0.00 0.00
458.0 351.0 0.00 0.00
1004.0 1168.0 0.00 0.00
970.0 714.0 0.00 0.00
1024.0 607.0 0.00 0.00
422.0 680.0 0.00 0.00
1457.0 65.0 0.00 0.00
50.0 1128.0 0.00 0.00
1272.0 885.0 0.00 0.00
1247.0 463.0 0.00 0.00
807.0 716.0 0.00 0.00
575.0 579.0 0.00 0.00
1135.0 939.0 0.00 0.00
496.0 1081.0 0.00 0.00
1599.0 62.0 0.00 0.00
363.0 976.0 0.00 0.00
731.0 439.0 0.00 0.00
1224.0 431.0 0.00 0.00
602.0 1088.0 0.00 0.00
630.0 1191.0 0.00 0.00
513.0 715.0 0.00 0.00
1439.0 80.0 0.00 0.00
1668.0 988.0 0.00 0.00
35.0 412.0 0.00 0.00
1656.0 249.0 0.00 0.00
188.0 657.0 0.00 0.00
1698.0 367.0 0.00 0.00
858.0 677.0 0.00 0.00
1715.0 989.0 0.00 0.00
1291.0 772.0 0.00 0.00
1302.0 695.0 0.00 0.00
1664.0 225.0 0.00 0.00
1613.0 901.0 0.00 0.00
1730.0 872.0 0.00 0.00
444.0 622.0 0.00 0.00
256.0 680.0 0.00 0.00
1370.0 593.0 0.00 0.00
1174.0 1187.0 0.00 0.00
1425.0 624.0 0.00 0.00
855.0 819.0 0.00 0.00
136.0 429.0 0.00 0.00
1755.0 1186.0 0.00 0.00
1154.0 960.0 0.00 0.00
989.0 861.0 0.00 0.00
1718.0 237.0 0.00 0.00
859.0 710.0 0.00 0.00
1620.0 1158.0 0.00 0.00
1007.0 552.0 0.00 0.00
104.0 622.0 0.00 0.00
1602.0 865.0 0.00 0.00
1353.0 1126.0 0.00 0.00
1154.0 768.0 0.00 0.00
593.0 424.0 0.00 0.00
1488.0 712.0 0.00 0.00
1299.0 624.0 0.00 0.00
229.0 614.0 0.00 0.00
548.0 408.0 0.00 0.00
251.0 538.0 0.00 0.00
1176.0 752.0 0.00 0.00
726.0 1087.0 0.00 0.00
944.0 383.0 0.00 0.00
309.0 497.0 0.00 0.00
1007.0 117.0 0.00 0.00
496.0 736.0 0.00 0.00
625.0 256.0 0.00 0.00
1365.0 907.0 0.00 0.00
881.0 679.0 0.00 0.00
1332.0 637.0 0.00 0.00
770.0 934.0 0.00 0.00
287.0 680.0 0.00 0.00
1743.0 817.0 0.00 0.00
1223.0 223.0 0.00 0.00
868.0 723.0 0.00 0.00
378.0 532.0 0.00 0.00
1059.0 774.0 0.00 0.00
572.0 1188.0 0.00 0.00
1159.0 679.0 0.00 0.00
1288.0 600.0 0.00 0.00
1406.0 1189.0 0.00 0.00
1281.0 660.0 0.00 0.00
498.0 449.0 0.00 0.00
359.0 937.0 0.00 0.00
1288.0 160.0 0.00 0.00
833.0 791.0 0.00 0.00
15.0 144.0 0.00 0.00
1504.0 215.0 0.00 0.00
1259.0 464.0 0.00 0.00
55.0 683.0 0.00 0.00
1530.0 754.0 0.00 0.00
936.0 939.0 0.00 0.00
784.0 625.0 0.00 0.00
136.0 679.0 0.00 0.00
1307.0 627.0 0.00 0.00
888.0 519.0 0.00 0.00
582.0 650.0 0.00 0.00
1035.0 635.0 0.00 0.00
264.0 759.0 0.00 0.00
1129.0 1184.0 0.00 0.00
927.0 1163.0 0.00 0.00
311.0 208.0 0.00 0.00
279.0 328.0 0.00 0.00
136.0 1145.0 0.00 0.00
24.0 1174.0 0.00 0.00
1236.0 126.0 0.00 0.00
490.0 665.0 0.00 0.00
1579.0 670.0 0.00 0.00
319.0 175.0 0.00 0.00
369.0 529.0 0.00 0.00
990.0 495.0 0.00 0.00
767.0 225.0 0.00 0.00
983.0 852.0 0.00 0.00
409.0 648.0 0.00 0.00
1296.0 804.0 0.00 0.00
943.0 696.0 0.00 0.00
346.0 1166.0 0.00 0.00
1495.0 645.0 0.00 0.00
1352.0 830.0 0.00 0.00
690.0 631.0 0.00 0.00
1543.0 544.0 0.00 0.00
965.0 773.0 0.00 0.00
1260.0 821.0 0.00 0.00
74.0 671.0 0.00 0.00
405.0 1191.0 0.00 0.00
1135.0 579.0 0.00 0.00
977.0 837.0 0.00 0.00
1655.0 789.0 0.00 0.00
705.0 104.0 0.00 0.00
1592.0 329.0 0.00 0.00
450.0 710.0 0.00 0.00
1629.0 869.0 0.00 0.00
218.0 839.0 0.00 0.00
1291.0 636.0 0.00 0.00
1037.0 1154.0 0.00 0.00
1640.0 987.0 0.00 0.00
290.0 612.0 0.00 0.00
1191.0 941.0 0.00 0.00
1107.0 662.0 0.00 0.00
15.0 128.0 0.00 0.00
421.0 942.0 0.00 0.00
666.0 505.0 0.00 0.00
1128.0 698.0 0.00 0.00
1325.0 926.0 0.00 0.00
956.0 966.0 0.00 0.00
1216.0 208.0 0.00 0.00
1583.0 95.0 0.00 0.00
1701.0 691.0 0.00 0.00
808.0 432.0 0.00 0.00
565.0 474.0 0.00 0.00
716.0 40.0 0.00 0.00
736.0 473.0 0.00 0.00
9.0 312.0 0.00 0.00
655.0 352.0 0.00 0.00
1195.0 287.0 0.00 0.00
838.0 550.0 0.00 0.00
809.0 886.0 0.00 0.00
199.0 1082.0 0.00 0.00
325.0 950.0 0.00 0.00
614.0 588.0 0.00 0.00
1629.0 767.0 0.00 0.00
862.0 376.0 0.00 0.00
262.0 97.0 0.00 0.00
49.0 463.0 0.00 0.00
1183.0 368.0 0.00 0.00
512.0 912.0 0.00 0.00
1127.0 1159.0 0.00 0.00
112.0 442.0 0.00 0.00
972.0 781.0 0.00 0.00
907.0 728.0 0.00 0.00
1768.0 275.0 0.00 0.00
1262.0 724.0 0.00 0.00
128.0 1086.0 0.00 0.00
1280.0 144.0 0.00 0.00
1724.0 703.0 0.00 0.00
175.0 453.0 0.00 0.00
324.0 465.0 0.00 0.00
841.0 757.0 0.00 0.00
1454.0 408.0 0.00 0.00
1129.0 637.0 0.00 0.00
31.0 984.0 0.00 0.00
1586.0 23.0 0.00 0.00
1293.0 726.0 0.00 0.00
1557.0 264.0 0.00 0.00
1287.0 352.0 0.00 0.00
1710.0 318.0 0.00 0.00
356.0 441.0 0.00 0.00
1181.0 889.0 0.00 0.00
1144.0 619.0 0.00 0.00
1194.0 761.0 0.00 0.00
1681.0 251.0 0.00 0.00
746.0 1179.0 0.00 0.00
861.0 607.0 0.00 0.00
545.0 792.0 0.00 0.00
1566.0 654.0 0.00 0.00
375.0 567.0 0.00 0.00
1271.0 814.0 0.00 0.00
705.0 537.0 0.00 0.00
159.0 1149.0 0.00 0.00
807.0 570.0 0.00 0.00
945.0 961.0 0.00 0.00
597.0 677.0 0.00 0.00
201.0 705.0 0.00 0.00
1080.0 974.0 0.00 0.00
1420.0 923.0 0.00 0.00
1653.0 885.0 0.00 0.00
903.0 973.0 0.00 0.00
783.0 400.0 0.00 0.00
853.0 832.0 0.00 0.00
1256.0 890.0 0.00 0.00
1358.0 917.0 0.00 0.00
1248.0 279.0 0.00 0.00
490.0 408.0 0.00 0.00
306.0 358.0 0.00 0.00
1791.0 1187.0 0.00 0.00
103.0 969.0 0.00 0.00
269.0 406.0 0.00 0.00
180.0 1095.0 0.00 0.00
1168.0 576.0 0.00 0.00
399.0 48.0 0.00 0.00
923.0 840.0 0.00 0.00
350.0 1062.0 0.00 0.00
1200.0 735.0 0.00 0.00
36.0 269.0 0.00 0.00
524.0 831.0 0.00 0.00
1583.0 311.0 0.00 0.00
1650.0 853.0 0.00 0.00
1306.0 829.0 0.00 0.00
80.0 620.0 0.00 0.00
295.0 696.0 0.00 0.00
1514.0 599.0 0.00 0.00
559.0 1172.0 0.00 0.00
69.0 1173.0 0.00 0.00
1752.0 951.0 0.00 0.00
164.0 857.0 0.00 0.00
754.0 842.0 0.00 0.00
445.0 346.0 0.00 0.00
1541.0 760.0 0.00 0.00
1559.0 247.0 0.00 0.00
1492.0 784.0 0.00 0.00
126.0 909.0 0.00 0.00
1225.0 1159.0 0.00 0.00
95.0 520.0 0.00 0.00
680.0 531.0 0.00 0.00
1673.0 794.0 0.00 0.00
124.0 604.0 0.00 0.00
468.0 959.0 0.00 0.00
216.0 671.0 0.00 0.00
771.0 1175.0 0.00 0.00
853.0 450.0 0.00 0.00
711.0 553.0 0.00 0.00
744.0 886.0 0.00 0.00
501.0 1094.0 0.00 0.00
659.0 1083.0 0.00 0.00
801.0 240.0 0.00 0.00
1008.0 903.0 0.00 0.00
1434.0 1118.0 0.00 0.00
854.0 582.0 0.00 0.00
543.0 281.0 0.00 0.00
740.0 745.0 0.00 0.00
86.0 427.0 0.00 0.00
235.0 704.0 0.00 0.00
210.0 523.0 0.00 0.00
809.0 728.0 0.00 0.00
683.0 435.0 0.00 0.00
1397.0 610.0 0.00 0.00
558.0 1182.0 0.00 0.00
339.0 411.0 0.00 0.00
1300.0 709.0 0.00 0.00
241.0 622.0 0.00 0.00
1073.0 717.0 0.00 0.00
975.0 15.0 0.00 0.00
831.0 225.0 0.00 0.00
615.0 908.0 0.00 0.00
1183.0 1165.0 0.00 0.00
636.0 654.0 0.00 0.00
1429.0 740.0 0.00 0.00
351.0 471.0 0.00 0.00
393.0 507.0 0.00 0.00
935.0 889.0 0.00 0.00
406.0 383.0 0.00 0.00
479.0 1085.0 0.00 0.00
1292.0 648.0 0.00 0.00
1330.0 912.0 0.00 0.00
1619.0 678.0 0.00 0.00
1261.0 773.0 0.00 0.00
1607.0 280.0 0.00 0.00
106.0 736.0 0.00 0.00
197.0 1139.0 0.00 0.00
1720.0 559.0 0.00 0.00
675.0 686.0 0.00 0.00
769.0 415.0 0.00 0.00
263.0 327.0 0.00 0.00
289.0 932.0 0.00 0.00
591.0 272.0 0.00 0.00
1329.0 730.0 0.00 0.00
1215.0 368.0 0.00 0.00
1457.0 637.0 0.00 0.00
394.0 954.0 0.00 0.00
514.0 726.0 0.00 0.00
227.0 655.0 0.00 0.00
996.0 832.0 0.00 0.00
1188.0 830.0 0.00 0.00
1539.0 651.0 0.00 0.00
1401.0 663.0 0.00 0.00
575.0 734.0 0.00 0.00
532.0 584.0 0.00 0.00
460.0 672.0 0.00 0.00
1251.0 653.0 0.00 0.00
1051.0 717.0 0.00 0.00
772.0 506.0 0.00 0.00
519.0 1151.0 0.00 0.00
1597.0 892.0 0.00 0.00
743.0 1173.0 0.00 0.00
622.0 942.0 0.00 0.00
1090.0 843.0 0.00 0.00
1722.0 889.0 0.00 0.00
982.0 805.0 0.00 0.00
1217.0 888.0 0.00 0.00
1395.0 913.0 0.00 0.00
906.0 596.0 0.00 0.00
153.0 505.0 0.00 0.00
1595.0 1157.0 0.00 0.00
1705.0 919.0 0.00 0.00
666.0 744.0 0.00 0.00
370.0 1108.0 0.00 0.00
1128.0 246.0 0.00 0.00
1211.0 756.0 0.00 0.00
1400.0 693.0 0.00 0.00
361.0 790.0 0.00 0.00
935.0 487.0 0.00 0.00
1070.0 644.0 0.00 0.00
262.0 963.0 0.00 0.00
1537.0 304.0 0.00 0.00
16.0 112.0 0.00 0.00
1063.0 167.0 0.00 0.00
947.0 924.0 0.00 0.00
450.0 643.0 0.00 0.00
1071.0 126.0 0.00 0.00
304.0 391.0 0.00 0.00
704.0 681.0 0.00 0.00
690.0 547.0 0.00 0.00
1365.0 1168.0 0.00 0.00
796.0 913.0 0.00 0.00
1112.0 657.0 0.00 0.00
104.0 1099.0 0.00 0.00
1094.0 536.0 0.00 0.00
311.0 448.0 0.00 0.00
1715.0 578.0 0.00 0.00
1637.0 783.0 0.00 0.00
347.0 770.0 0.00 0.00
726.0 934.0 0.00 0.00
481.0 742.0 0.00 0.00
1047.0 727.0 0.00 0.00
239.0 288.0 0.00 0.00
793.0 681.0 0.00 0.00
1168.0 599.0 0.00 0.00
1168.0 519.0 0.00 0.00
1678.0 696.0 0.00 0.00
975.0 367.0 0.00 0.00
553.0 857.0 0.00 0.00
1615.0 911.0 0.00 0.00
535.0 783.0 0.00 0.00
1175.0 200.0 0.00 0.00
1509.0 352.0 0.00 0.00
900.0 850.0 0.00 0.00
1671.0 596.0 0.00 0.00
1669.0 928.0 0.00 0.00
1479.0 769.0 0.00 0.00
1452.0 692.0 0.00 0.00
1703.0 801.0 0.00 0.00
1006.0 670.0 0.00 0.00
624.0 675.0 0.00 0.00
13.0 690.0 0.00 0.00
212.0 410.0 0.00 0.00
189.0 1153.0 0.00 0.00
840.0 830.0 0.00 0.00
1392.0 591.0 0.00 0.00
671.0 871.0 0.00 0.00
943.0 888.0 0.00 0.00
1584.0 391.0 0.00 0.00
1576.0 599.0 0.00 0.00
791.0 272.0 0.00 0.00
944.0 431.0 0.00 0.00
1662.0 400.0 0.00 0.00
504.0 465.0 0.00 0.00
134.0 874.0 0.00 0.00
192.0 377.0 0.00 0.00
1109.0 950.0 0.00 0.00
1457.0 748.0 0.00 0.00
185.0 334.0 0.00 0.00
493.0 312.0 0.00 0.00
506.0 725.0 0.00 0.00
1429.0 207.0 0.00 0.00
710.0 856.0 0.00 0.00
346.0 676.0 0.00 0.00
1092.0 864.0 0.00 0.00
1548.0 681.0 0.00 0.00
1307.0 756.0 0.00 0.00
1628.0 856.0 0.00 0.00
36.0 1083.0 0.00 0.00
1049.0 352.0 0.00 0.00
327.0 474.0 0.00 0.00
1167.0 552.0 0.00 0.00
1672.0 767.0 0.00 0.00
658.0 632.0 0.00 0.00
808.0 863.0 0.00 0.00
1010.0 616.0 0.00 0.00
151.0 540.0 0.00 0.00
368.0 408.0 0.00 0.00
171.0 484.0 0.00 0.00
1744.0 343.0 0.00 0.00
1168.0 399.0 0.00 0.00
1071.0 176.0 0.00 0.00
953.0 618.0 0.00 0.00
1355.0 690.0 0.00 0.00
1112.0 535.0 0.00 0.00
776.0 236.0 0.00 0.00
1224.0 465.0 0.00 0.00
991.0 248.0 0.00 0.00
1678.0 752.0 0.00 0.00
1128.0 864.0 0.00 0.00
151.0 1120.0 0.00 0.00
1234.0 654.0 0.00 0.00
1619.0 804.0 0.00 0.00
236.0 327.0 0.00 0.00
1513.0 666.0 0.00 0.00
431.0 923.0 0.00 0.00
300.0 675.0 0.00 0.00
847.0 231.0 0.00 0.00
808.0 854.0 0.00 0.00
522.0 560.0 0.00 0.00
1609.0 560.0 0.00 0.00
335.0 925.0 0.00 0.00
1278.0 687.0 0.00 0.00
1566.0 795.0 0.00 0.00
790.0 633.0 0.00 0.00
1023.0 737.0 0.00 0.00
937.0 749.0 0.00 0.00
1743.0 904.0 0.00 0.00
503.0 201.0 0.00 0.00
1688.0 448.0 0.00 0.00
764.0 546.0 0.00 0.00
433.0 940.0 0.00 0.00
335.0 452.0 0.00 0.00
1751.0 280.0 0.00 0.00
1416.0 861.0 0.00 0.00
1095.0 144.0 0.00 0.00
367.0 915.0 0.00 0.00
1519.0 63.0 0.00 0.00
17.0 710.0 0.00 0.00
1222.0 185.0 0.00 0.00
167.0 800.0 0.00 0.00
23.0 460.0 0.00 0.00
1018.0 559.0 0.00 0.00
479.0 582.0 0.00 0.00
1303.0 256.0 0.00 0.00
1219.0 777.0 0.00 0.00
1151.0 432.0 0.00 0.00
1095.0 1129.0 0.00 0.00
872.0 110.0 0.00 0.00
1364.0 641.0 0.00 0.00
316.0 431.0 0.00 0.00
56.0 780.0 0.00 0.00
130.0 639.0 0.00 0.00
824.0 328.0 0.00 0.00
1492.0 1063.0 0.00 0.00
1520.0 52.0 0.00 0.00
960.0 144.0 0.00 0.00
1107.0 652.0 0.00 0.00
1697.0 734.0 0.00 0.00
1641.0 799.0 0.00 0.00
272.0 315.0 0.00 0.00
1123.0 924.0 0.00 0.00
1322.0 629.0 0.00 0.00
23.0 733.0 0.00 0.00
182.0 895.0 0.00 0.00
1678.0 206.0 0.00 0.00
1061.0 929.0 0.00 0.00
510.0 938.0 0.00 0.00
70.0 801.0 0.00 0.00
1598.0 535.0 0.00 0.00
1509.0 607.0 0.00 0.00
651.0 674.0 0.00 0.00
1087.0 399.0 0.00 0.00
833.0 819.0 0.00 0.00
800.0 19.0 0.00 0.00
934.0 835.0 0.00 0.00
794.0 498.0 0.00 0.00
1475.0 657.0 0.00 0.00
1082.0 853.0 0.00 0.00
445.0 517.0 0.00 0.00
361.0 347.0 0.00 0.00
1372.0 958.0 0.00 0.00
645.0 807.0 0.00 0.00
252.0 575.0 0.00 0.00
1711.0 761.0 0.00 0.00
1429.0 724.0 0.00 0.00
29.0 1009.0 0.00 0.00
38.0 683.0 0.00 0.00
1699.0 389.0 0.00 0.00
936.0 760.0 0.00 0.00
925.0 773.0 0.00 0.00
809.0 805.0 0.00 0.00
685.0 888.0 0.00 0.00
127.0 364.0 0.00 0.00
1621.0 263.0 0.00 0.00
1659.0 635.0 0.00 0.00
437.0 761.0 0.00 0.00
1552.0 687.0 0.00 0.00
951.0 865.0 0.00 0.00
1653.0 708.0 0.00 0.00
439.0 429.0 0.00 0.00
1776.0 520.0 0.00 0.00
1318.0 755.0 0.00 0.00
846.0 851.0 0.00 0.00
1505.0 626.0 0.00 0.00
1159.0 769.0 0.00 0.00
432.0 695.0 0.00 0.00
162.0 560.0 0.00 0.00
1723.0 669.0 0.00 0.00
678.0 625.0 0.00 0.00
871.0 440.0 0.00 0.00
214.0 1070.0 0.00 0.00
205.0 672.0 0.00 0.00
1567.0 1046.0 0.00 0.00
863.0 399.0 0.00 0.00
879.0 463.0 0.00 0.00
667.0 967.0 0.00 0.00
264.0 950.0 0.00 0.00
1535.0 1090.0 0.00 0.00
610.0 247.0 0.00 0.00
274.0 939.0 0.00 0.00
792.0 545.0 0.00 0.00
1303.0 87.0 0.00 0.00
765.0 844.0 0.00 0.00
206.0 1159.0 0.00 0.00
356.0 903.0 0.00 0.00
692.0 796.0 0.00 0.00
1223.0 527.0 0.00 0.00
1474.0 603.0 0.00 0.00
886.0 820.0 0.00 0.00
1648.0 352.0 0.00 0.00
70.0 782.0 0.00 0.00
557.0 1159.0 0.00 0.00
975.0 240.0 0.00 0.00
816.0 289.0 0.00 0.00
680.0 440.0 0.00 0.00
1029.0 1142.0 0.00 0.00
960.0 802.0 0.00 0.00
1082.0 576.0 0.00 0.00
1605.0 856.0 0.00 0.00
33.0 874.0 0.00 0.00
300.0 568.0 0.00 0.00
1108.0 617.0 0.00 0.00
1640.0 810.0 0.00 0.00
572.0 1145.0 0.00 0.00
936.0 900.0 0.00 0.00
1409.0 885.0 0.00 0.00
339.0 704.0 0.00 0.00
132.0 381.0 0.00 0.00
357.0 708.0 0.00 0.00
833.0 743.0 0.00 0.00
536.0 71.0 0.00 0.00
1039.0 127.0 0.00 0.00
1481.0 198.0 0.00 0.00
1202.0 1130.0 0.00 0.00
47.0 1121.0 0.00 0.00
415.0 199.0 0.00 0.00
588.0 483.0 0.00 0.00
1627.0 709.0 0.00 0.00
1196.0 783.0 0.00 0.00
167.0 423.0 0.00 0.00
1125.0 807.0 0.00 0.00
544.0 856.0 0.00 0.00
71.0 1156.0 0.00 0.00
310.0 325.0 0.00 0.00
378.0 1088.0 0.00 0.00
1080.0 141.0 0.00 0.00
479.0 239.0 0.00 0.00
1242.0 763.0 0.00 0.00
1755.0 828.0 0.00 0.00
1247.0 1181.0 0.00 0.00
368.0 1062.0 0.00 0.00
967.0 699.0 0.00 0.00
599.0 431.0 0.00 0.00
134.0 297.0 0.00 0.00
1698.0 924.0 0.00 0.00
1724.0 860.0 0.00 0.00
1527.0 175.0 0.00 0.00
1711.0 88.0 0.00 0.00
814.0 328.0 0.00 0.00
992.0 326.0 0.00 0.00
823.0 804.0 0.00 0.00
160.0 909.0 0.00 0.00
94.0 322.0 0.00 0.00
1182.0 953.0 0.00 0.00
1640.0 31.0 0.00 0.00
1030.0 959.0 0.00 0.00
1032.0 943.0 0.00 0.00
604.0 856.0 0.00 0.00
533.0 562.0 0.00 0.00
1354.0 695.0 0.00 0.00
893.0 810.0 0.00 0.00
1747.0 870.0 0.00 0.00
1778.0 289.0 0.00 0.00
576.0 360.0 0.00 0.00
1677.0 355.0 0.00 0.00
1779.0 712.0 0.00 0.00
394.0 594.0 0.00 0.00
428.0 389.0 0.00 0.00
112.0 951.0 0.00 0.00
1775.0 176.0 0.00 0.00
773.0 596.0 0.00 0.00
1364.0 780.0 0.00 0.00
305.0 324.0 0.00 0.00
1616.0 143.0 0.00 0.00
1719.0 748.0 0.00 0.00
1472.0 448.0 0.00 0.00
1051.0 707.0 0.00 0.00
257.0 914.0 0.00 0.00
518.0 1082.0 0.00 0.00
671.0 142.0 0.00 0.00
58.0 968.0 0.00 0.00
623.0 400.0 0.00 0.00
1054.0 694.0 0.00 0.00
1729.0 89.0 0.00 0.00
335.0 72.0 0.00 0.00
1052.0 746.0 0.00 0.00
1600.0 942.0 0.00 0.00
879.0 359.0 0.00 0.00
1693.0 727.0 0.00 0.00
590.0 599.0 0.00 0.00
1288.0 412.0 0.00 0.00
439.0 992.0 0.00 0.00
1724.0 872.0 0.00 0.00
823.0 607.0 0.00 0.00
1405.0 948.0 0.00 0.00
927.0 295.0 0.00 0.00
1295.0 747.0 0.00 0.00
1255.0 144.0 0.00 0.00
31.0 383.0 0.00 0.00
143.0 227.0 0.00 0.00
863.0 487.0 0.00 0.00
195.0 848.0 0.00 0.00
847.0 271.0 0.00 0.00
1208.0 208.0 0.00 0.00
902.0 168.0 0.00 0.00
1018.0 691.0 0.00 0.00
1416.0 279.0 0.00 0.00
1072.0 554.0 0.00 0.00
167.0 15.0 0.00 0.00
1225.0 661.0 0.00 0.00
895.0 335.0 0.00 0.00
599.0 1142.0 0.00 0.00
1088.0 447.0 0.00 0.00
771.0 589.0 0.00 0.00
726.0 439.0 0.00 0.00
542.0 247.0 0.00 0.00
1037.0 822.0 0.00 0.00
314.0 653.0 0.00 0.00
1534.0 81.0 0.00 0.00
1310.0 958.0 0.00 0.00
1254.0 872.0 0.00 0.00
1043.0 944.0 0.00 0.00
256.0 371.0 0.00 0.00
1631.0 393.0 0.00 0.00
185.0 863.0 0.00 0.00
863.0 240.0 0.00 0.00
1052.0 635.0 0.00 0.00
1418.0 193.0 0.00 0.00
1313.0 874.0 0.00 0.00
1739.0 218.0 0.00 0.00
346.0 593.0 0.00 0.00
431.0 199.0 0.00 0.00
415.0 1006.0 0.00 0.00
1528.0 627.0 0.00 0.00
613.0 663.0 0.00 0.00
663.0 587.0 0.00 0.00
1368.0 896.0 0.00 0.00
1486.0 399.0 0.00 0.00
793.0 949.0 0.00 0.00
898.0 127.0 0.00 0.00
191.0 48.0 0.00 0.00
1047.0 635.0 0.00 0.00
1722.0 826.0 0.00 0.00
1670.0 135.0 0.00 0.00
205.0 848.0 0.00 0.00
1256.0 336.0 0.00 0.00
1073.0 387.0 0.00 0.00
201.0 731.0 0.00 0.00
1700.0 872.0 0.00 0.00
863.0 464.0 0.00 0.00
1095.0 520.0 0.00 0.00
699.0 512.0 0.00 0.00
518.0 515.0 0.00 0.00
72.0 756.0 0.00 0.00
1255.0 608.0 0.00 0.00
1239.0 693.0 0.00 0.00
1001.0 31.0 0.00 0.00
951.0 831.0 0.00 0.00
952.0 929.0 0.00 0.00
374.0 542.0 0.00 0.00
897.0 1091.0 0.00 0.00
1279.0 648.0 0.00 0.00
1060.0 1090.0 0.00 0.00
1134.0 888.0 0.00 0.00
544.0 831.0 0.00 0.00
1412.0 959.0 0.00 0.00
1184.0 1176.0 0.00 0.00
1315.0 656.0 0.00 0.00
1690.0 240.0 0.00 0.00
983.0 161.0 0.00 0.00
727.0 523.0 0.00 0.00
1007.0 594.0 0.00 0.00
911.0 496.0 0.00 0.00
1406.0 144.0 0.00 0.00
89.0 339.0 0.00 0.00
783.0 385.0 0.00 0.00
1276.0 698.0 0.00 0.00
680.0 575.0 0.00 0.00
1471.0 864.0 0.00 0.00
1289.0 758.0 0.00 0.00
815.0 225.0 0.00 0.00
621.0 660.0 0.00 0.00
533.0 874.0 0.00 0.00
1609.0 71.0 0.00 0.00
220.0 1082.0 0.00 0.00
322.0 499.0 0.00 0.00
1321.0 621.0 0.00 0.00
522.0 372.0 0.00 0.00
1203.0 862.0 0.00 0.00
1636.0 658.0 0.00 0.00
143.0 1191.0 0.00 0.00
1216.0 143.0 0.00 0.00
793.0 463.0 0.00 0.00
512.0 968.0 0.00 0.00
1758.0 514.0 0.00 0.00
1249.0 359.0 0.00 0.00
221.0 880.0 0.00 0.00
614.0 741.0 0.00 0.00
1097.0 717.0 0.00 0.00
1066.0 1182.0 0.00 0.00
630.0 1129.0 0.00 0.00
1479.0 727.0 0.00 0.00
990.0 441.0 0.00 0.00
964.0 824.0 0.00 0.00
976.0 595.0 0.00 0.00
807.0 419.0 0.00 0.00
415.0 772.0 0.00 0.00
198.0 80.0 0.00 0.00
153.0 492.0 0.00 0.00
581.0 588.0 0.00 0.00
914.0 536.0 0.00 0.00
1110.0 961.0 0.00 0.00
1188.0 637.0 0.00 0.00
1479.0 138.0 0.00 0.00
11.0 655.0 0.00 0.00
904.0 622.0 0.00 0.00
528.0 530.0 0.00 0.00
28.0 726.0 0.00 0.00
402.0 397.0 0.00 0.00
831.0 271.0 0.00 0.00
1026.0 417.0 0.00 0.00
1156.0 954.0 0.00 0.00
1503.0 425.0 0.00 0.00
1203.0 927.0 0.00 0.00
1264.0 86.0 0.00 0.00
552.0 552.0 0.00 0.00
934.0 607.0 0.00 0.00
529.0 23.0 0.00 0.00
1656.0 1013.0 0.00 0.00
398.0 434.0 0.00 0.00
622.0 1138.0 0.00 0.00
44.0 985.0 0.00 0.00
1361.0 812.0 0.00 0.00
273.0 442.0 0.00 0.00
927.0 47.0 0.00 0.00
1095.0 624.0 0.00 0.00
1086.0 974.0 0.00 0.00
1271.0 576.0 0.00 0.00
1516.0 622.0 0.00 0.00
688.0 161.0 0.00 0.00
1575.0 48.0 0.00 0.00
1568.0 320.0 0.00 0.00
824.0 726.0 0.00 0.00
1667.0 832.0 0.00 0.00
1560.0 286.0 0.00 0.00
695.0 672.0 0.00 0.00
910.0 456.0 0.00 0.00
489.0 1134.0 0.00 0.00
1543.0 47.0 0.00 0.00
1096.0 159.0 0.00 0.00
437.0 1156.0 0.00 0.00
1262.0 182.0 0.00 0.00
118.0 960.0 0.00 0.00
772.0 474.0 0.00 0.00
266.0 913.0 0.00 0.00
427.0 690.0 0.00 0.00
1219.0 918.0 0.00 0.00
927.0 568.0 0.00 0.00
1343.0 507.0 0.00 0.00
274.0 724.0 0.00 0.00
802.0 271.0 0.00 0.00
1445.0 700.0 0.00 0.00
83.0 327.0 0.00 0.00
290.0 22.0 0.00 0.00
1368.0 240.0 0.00 0.00
1174.0 722.0 0.00 0.00
1247.0 195.0 0.00 0.00
1543.0 434.0 0.00 0.00
1273.0 644.0 0.00 0.00
846.0 581.0 0.00 0.00
913.0 1063.0 0.00 0.00
1054.0 454.0 0.00 0.00
554.0 1168.0 0.00 0.00
1505.0 46.0 0.00 0.00
1081.0 495.0 0.00 0.00
1641.0 918.0 0.00 0.00
124.0 583.0 0.00 0.00
611.0 953.0 0.00 0.00
1568.0 275.0 0.00 0.00
432.0 813.0 0.00 0.00
1082.0 900.0 0.00 0.00
1424.0 535.0 0.00 0.00
863.0 438.0 0.00 0.00
284.0 394.0 0.00 0.00
604.0 499.0 0.00 0.00
718.0 335.0 0.00 0.00
397.0 707.0 0.00 0.00
1495.0 734.0 0.00 0.00
831.0 24.0 0.00 0.00
1033.0 379.0 0.00 0.00
983.0 519.0 0.00 0.00
1296.0 168.0 0.00 0.00
863.0 320.0 0.00 0.00
784.0 185.0 0.00 0.00
311.0 613.0 0.00 0.00
528.0 514.0 0.00 0.00
35.0 1113.0 0.00 0.00
1396.0 657.0 0.00 0.00
1455.0 604.0 0.00 0.00
176.0 927.0 0.00 0.00
56.0 263.0 0.00 0.00
1273.0 601.0 0.00 0.00
14.0 703.0 0.00 0.00
833.0 875.0 0.00 0.00
11.0 808.0 0.00 0.00
1734.0 886.0 0.00 0.00
1178.0 875.0 0.00 0.00
513.0 959.0 0.00 0.00
237.0 518.0 0.00 0.00
1712.0 523.0 0.00 0.00
158.0 725.0 0.00 0.00
407.0 489.0 0.00 0.00
1152.0 247.0 0.00 0.00
1245.0 839.0 0.00 0.00
1607.0 408.0 0.00 0.00
911.0 176.0 0.00 0.00
558.0 605.0 0.00 0.00
380.0 782.0 0.00 0.00
1104.0 172.0 0.00 0.00
94.0 468.0 0.00 0.00
1487.0 1183.0 0.00 0.00
230.0 962.0 0.00 0.00
854.0 111.0 0.00 0.00
1537.0 940.0 0.00 0.00
686.0 966.0 0.00 0.00
302.0 31.0 0.00 0.00
1320.0 511.0 0.00 0.00
1343.0 87.0 0.00 0.00
1192.0 805.0 0.00 0.00
488.0 871.0 0.00 0.00
551.0 602.0 0.00 0.00
215.0 436.0 0.00 0.00
1664.0 249.0 0.00 0.00
1351.0 111.0 0.00 0.00
386.0 437.0 0.00 0.00
360.0 549.0 0.00 0.00
485.0 355.0 0.00 0.00
1561.0 912.0 0.00 0.00
1268.0 645.0 0.00 0.00
1121.0 159.0 0.00 0.00
574.0 729.0 0.00 0.00
1021.0 644.0 0.00 0.00
1123.0 900.0 0.00 0.00
535.0 47.0 0.00 0.00
930.0 906.0 0.00 0.00
1648.0 487.0 0.00 0.00
1751.0 978.0 0.00 0.00
1615.0 415.0 0.00 0.00
1144.0 707.0 0.00 0.00
465.0 353.0 0.00 0.00
929.0 962.0 0.00 0.00
1686.0 915.0 0.00 0.00
1277.0 858.0 0.00 0.00
476.0 912.0 0.00 0.00
493.0 854.0 0.00 0.00
882.0 634.0 0.00 0.00
1244.0 1092.0 0.00 0.00
104.0 1112.0 0.00 0.00
1579.0 160.0 0.00 0.00
1304.0 681.0 0.00 0.00
1447.0 714.0 0.00 0.00
152.0 658.0 0.00 0.00
352.0 521.0 0.00 0.00
410.0 1146.0 0.00 0.00
760.0 907.0 0.00 0.00
1120.0 192.0 0.00 0.00
10.0 856.0 0.00 0.00
611.0 1185.0 0.00 0.00
1520.0 352.0 0.00 0.00
686.0 504.0 0.00 0.00
1715.0 957.0 0.00 0.00
63.0 1146.0 0.00 0.00
438.0 32.0 0.00 0.00
159.0 193.0 0.00 0.00
585.0 615.0 0.00 0.00
716.0 1110.0 0.00 0.00
1311.0 288.0 0.00 0.00
918.0 815.0 0.00 0.00
642.0 653.0 0.00 0.00
127.0 983.0 0.00 0.00
481.0 952.0 0.00 0.00
1711.0 444.0 0.00 0.00
815.0 360.0 0.00 0.00
338.0 393.0 0.00 0.00
1368.0 560.0 0.00 0.00
1009.0 523.0 0.00 0.00
1370.0 651.0 0.00 0.00
258.0 400.0 0.00 0.00
194.0 671.0 0.00 0.00
656.0 423.0 0.00 0.00
1009.0 710.0 0.00 0.00
1223.0 327.0 0.00 0.00
337.0 699.0 0.00 0.00
392.0 1088.0 0.00 0.00
749.0 200.0 0.00 0.00
883.0 623.0 0.00 0.00
1095.0 223.0 0.00 0.00
682.0 480.0 0.00 0.00
790.0 638.0 0.00 0.00
1608.0 120.0 0.00 0.00
1272.0 519.0 0.00 0.00
1728.0 639.0 0.00 0.00
45.0 936.0 0.00 0.00
367.0 524.0 0.00 0.00
763.0 671.0 0.00 0.00
1143.0 183.0 0.00 0.00
140.0 414.0 0.00 0.00
881.0 589.0 0.00 0.00
1279.0 728.0 0.00 0.00
1495.0 567.0 0.00 0.00
1685.0 896.0 0.00 0.00
1599.0 559.0 0.00 0.00
1316.0 1174.0 0.00 0.00
1670.0 735.0 0.00 0.00
1200.0 120.0 0.00 0.00
833.0 343.0 0.00 0.00
1119.0 335.0 0.00 0.00
927.0 607.0 0.00 0.00
959.0 544.0 0.00 0.00
232.0 265.0 0.00 0.00
1081.0 877.0 0.00 0.00
474.0 554.0 0.00 0.00
1525.0 638.0 0.00 0.00
105.0 1149.0 0.00 0.00
791.0 167.0 0.00 0.00
901.0 845.0 0.00 0.00
1234.0 641.0 0.00 0.00
1130.0 719.0 0.00 0.00
112.0 518.0 0.00 0.00
1693.0 775.0 0.00 0.00
564.0 761.0 0.00 0.00
518.0 738.0 0.00 0.00
1118.0 246.0 0.00 0.00
1265.0 743.0 0.00 0.00
137.0 728.0 0.00 0.00
1346.0 183.0 0.00 0.00
831.0 400.0 0.00 0.00
695.0 349.0 0.00 0.00
1280.0 191.0 0.00 0.00
1422.0 503.0 0.00 0.00
1370.0 667.0 0.00 0.00
1054.0 585.0 0.00 0.00
1215.0 167.0 0.00 0.00
409.0 455.0 0.00 0.00
1378.0 887.0 0.00 0.00
1307.0 868.0 0.00 0.00
362.0 499.0 0.00 0.00
1362.0 175.0 0.00 0.00
1360.0 370.0 0.00 0.00
1719.0 635.0 0.00 0.00
1663.0 405.0 0.00 0.00
967.0 464.0 0.00 0.00
868.0 898.0 0.00 0.00
1230.0 764.0 0.00 0.00
1043.0 816.0 0.00 0.00
1011.0 766.0 0.00 0.00
308.0 402.0 0.00 0.00
1148.0 833.0 0.00 0.00
831.0 9.0 0.00 0.00
643.0 708.0 0.00 0.00
1160.0 725.0 0.00 0.00
1286.0 795.0 0.00 0.00
967.0 48.0 0.00 0.00
339.0 710.0 0.00 0.00
31.0 900.0 0.00 0.00
1063.0 388.0 0.00 0.00
1207.0 18.0 0.00 0.00
585.0 793.0 0.00 0.00
44.0 476.0 0.00 0.00
1158.0 797.0 0.00 0.00
1000.0 301.0 0.00 0.00
1437.0 628.0 0.00 0.00
1734.0 792.0 0.00 0.00
983.0 63.0 0.00 0.00
1295.0 207.0 0.00 0.00
936.0 854.0 0.00 0.00
404.0 735.0 0.00 0.00
1054.0 728.0 0.00 0.00
982.0 479.0 0.00 0.00
585.0 798.0 0.00 0.00
163.0 645.0 0.00 0.00
1182.0 806.0 0.00 0.00
810.0 1071.0 0.00 0.00
379.0 925.0 0.00 0.00
622.0 555.0 0.00 0.00
1758.0 279.0 0.00 0.00
880.0 318.0 0.00 0.00
1245.0 900.0 0.00 0.00
564.0 617.0 0.00 0.00
913.0 415.0 0.00 0.00
1168.0 367.0 0.00 0.00
1544.0 941.0 0.00 0.00
1679.0 731.0 0.00 0.00
249.0 1131.0 0.00 0.00
792.0 657.0 0.00 0.00
819.0 534.0 0.00 0.00
947.0 708.0 0.00 0.00
636.0 907.0 0.00 0.00
281.0 1131.0 0.00 0.00
335.0 692.0 0.00 0.00
212.0 322.0 0.00 0.00
1175.0 775.0 0.00 0.00
1205.0 424.0 0.00 0.00
1281.0 784.0 0.00 0.00
968.0 456.0 0.00 0.00
1584.0 110.0 0.00 0.00
1398.0 731.0 0.00 0.00
1270.0 666.0 0.00 0.00
1548.0 794.0 0.00 0.00
1706.0 472.0 0.00 0.00
216.0 263.0 0.00 0.00
392.0 871.0 0.00 0.00
1607.0 641.0 0.00 0.00
1292.0 856.0 0.00 0.00
686.0 664.0 0.00 0.00
149.0 815.0 0.00 0.00
1743.0 548.0 0.00 0.00
1750.0 1182.0 0.00 0.00
158.0 598.0 0.00 0.00
529.0 744.0 0.00 0.00
617.0 610.0 0.00 0.00
1496.0 334.0 0.00 0.00
1746.0 280.0 0.00 0.00
224.0 700.0 0.00 0.00
977.0 511.0 0.00 0.00
1706.0 481.0 0.00 0.00
1228.0 710.0 0.00 0.00
172.0 751.0 0.00 0.00
435.0 465.0 0.00 0.00
1637.0 239.0 0.00 0.00
966.0 431.0 0.00 0.00
166.0 1141.0 0.00 0.00
335.0 405.0 0.00 0.00
1734.0 832.0 0.00 0.00
114.0 1183.0 0.00 0.00
1689.0 847.0 0.00 0.00
422.0 46.0 0.00 0.00
1438.0 727.0 0.00 0.00
185.0 853.0 0.00 0.00
1463.0 31.0 0.00 0.00
447.0 770.0 0.00 0.00
590.0 494.0 0.00 0.00
1572.0 832.0 0.00 0.00
543.0 23.0 0.00 0.00
1037.0 937.0 0.00 0.00
850.0 400.0 0.00 0.00
662.0 654.0 0.00 0.00
113.0 1156.0 0.00 0.00
1391.0 222.0 0.00 0.00
460.0 472.0 0.00 0.00
1599.0 247.0 0.00 0.00
1717.0 686.0 0.00 0.00
535.0 216.0 0.00 0.00
1433.0 665.0 0.00 0.00
1151.0 288.0 0.00 0.00
1263.0 536.0 0.00 0.00
1615.0 15.0 0.00 0.00
169.0 513.0 0.00 0.00
531.0 792.0 0.00 0.00
1551.0 184.0 0.00 0.00
1251.0 668.0 0.00 0.00
834.0 954.0 0.00 0.00
1278.0 682.0 0.00 0.00
212.0 510.0 0.00 0.00
514.0 831.0 0.00 0.00
1495.0 559.0 0.00 0.00
957.0 696.0 0.00 0.00
340.0 619.0 0.00 0.00
703.0 585.0 0.00 0.00
1281.0 175.0 0.00 0.00
1148.0 950.0 0.00 0.00
1412.0 734.0 0.00 0.00
1215.0 537.0 0.00 0.00
1719.0 48.0 0.00 0.00
1239.0 729.0 0.00 0.00
1351.0 732.0 0.00 0.00
146.0 308.0 0.00 0.00
213.0 361.0 0.00 0.00
1709.0 516.0 0.00 0.00
154.0 416.0 0.00 0.00
739.0 438.0 0.00 0.00
1647.0 546.0 0.00 0.00
778.0 758.0 0.00 0.00
1271.0 279.0 0.00 0.00
420.0 952.0 0.00 0.00
1512.0 448.0 0.00 0.00
1595.0 790.0 0.00 0.00
1703.0 1138.0 0.00 0.00
1072.0 607.0 0.00 0.00
976.0 581.0 0.00 0.00
623.0 1088.0 0.00 0.00
977.0 808.0 0.00 0.00
599.0 112.0 0.00 0.00
946.0 790.0 0.00 0.00
753.0 580.0 0.00 0.00
693.0 617.0 0.00 0.00
914.0 761.0 0.00 0.00
897.0 951.0 0.00 0.00
480.0 550.0 0.00 0.00
1534.0 207.0 0.00 0.00
350.0 406.0 0.00 0.00
34.0 376.0 0.00 0.00
784.0 841.0 0.00 0.00
712.0 1092.0 0.00 0.00
894.0 343.0 0.00 0.00
1313.0 976.0 0.00 0.00
976.0 438.0 0.00 0.00
1575.0 1187.0 0.00 0.00
1037.0 1169.0 0.00 0.00
1337.0 869.0 0.00 0.00
1708.0 647.0 0.00 0.00
1247.0 387.0 0.00 0.00
671.0 295.0 0.00 0.00
603.0 645.0 0.00 0.00
411.0 944.0 0.00 0.00
1117.0 653.0 0.00 0.00
687.0 741.0 0.00 0.00
1715.0 573.0 0.00 0.00
1650.0 687.0 0.00 0.00
1575.0 182.0 0.00 0.00
1554.0 742.0 0.00 0.00
1583.0 128.0 0.00 0.00
511.0 951.0 0.00 0.00
999.0 1182.0 0.00 0.00
1607.0 264.0 0.00 0.00
1784.0 228.0 0.00 0.00
1148.0 1167.0 0.00 0.00
431.0 978.0 0.00 0.00
283.0 650.0 0.00 0.00
290.0 582.0 0.00 0.00
360.0 450.0 0.00 0.00
1678.0 874.0 0.00 0.00
1250.0 686.0 0.00 0.00
869.0 263.0 0.00 0.00
823.0 432.0 0.00 0.00
1161.0 875.0 0.00 0.00
1167.0 712.0 0.00 0.00
1049.0 650.0 0.00 0.00
825.0 782.0 0.00 0.00
1520.0 112.0 0.00 0.00
1568.0 144.0 0.00 0.00
1634.0 667.0 0.00 0.00
180.0 1189.0 0.00 0.00
679.0 381.0 0.00 0.00
569.0 972.0 0.00 0.00
492.0 467.0 0.00 0.00
1040.0 495.0 0.00 0.00
807.0 224.0 0.00 0.00
65.0 612.0 0.00 0.00
1618.0 938.0 0.00 0.00
1508.0 1185.0 0.00 0.00
1564.0 184.0 0.00 0.00
59.0 573.0 0.00 0.00
1646.0 865.0 0.00 0.00
868.0 279.0 0.00 0.00
97.0 919.0 0.00 0.00
854.0 650.0 0.00 0.00
870.0 664.0 0.00 0.00
1396.0 648.0 0.00 0.00
1284.0 676.0 0.00 0.00
879.0 837.0 0.00 0.00
1307.0 879.0 0.00 0.00
735.0 359.0 0.00 0.00
1448.0 537.0 0.00 0.00
401.0 477.0 0.00 0.00
360.0 520.0 0.00 0.00
1550.0 1070.0 0.00 0.00
1328.0 609.0 0.00 0.00
1608.0 151.0 0.00 0.00
778.0 868.0 0.00 0.00
723.0 408.0 0.00 0.00
1111.0 287.0 0.00 0.00
362.0 1124.0 0.00 0.00
695.0 63.0 0.00 0.00
1631.0 464.0 0.00 0.00
991.0 596.0 0.00 0.00
923.0 464.0 0.00 0.00
664.0 613.0 0.00 0.00
1128.0 8.0 0.00 0.00
864.0 529.0 0.00 0.00
691.0 667.0 0.00 0.00
1615.0 95.0 0.00 0.00
974.0 449.0 0.00 0.00
1183.0 456.0 0.00 0.00
93.0 462.0 0.00 0.00
720.0 359.0 0.00 0.00
1256.0 127.0 0.00 0.00
1183.0 295.0 0.00 0.00
1424.0 519.0 0.00 0.00
546.0 785.0 0.00 0.00
1403.0 583.0 0.00 0.00
695.0 482.0 0.00 0.00
1039.0 175.0 0.00 0.00
206.0 278.0 0.00 0.00
849.0 303.0 0.00 0.00
1295.0 833.0 0.00 0.00
1543.0 261.0 0.00 0.00
1554.0 674.0 0.00 0.00
34.0 863.0 0.00 0.00
532.0 888.0 0.00 0.00
1621.0 596.0 0.00 0.00
1505.0 673.0 0.00 0.00
423.0 179.0 0.00 0.00
1503.0 224.0 0.00 0.00
1592.0 455.0 0.00 0.00
1595.0 304.0 0.00 0.00
906.0 607.0 0.00 0.00
430.0 854.0 0.00 0.00
1563.0 642.0 0.00 0.00
559.0 872.0 0.00 0.00
1763.0 278.0 0.00 0.00
1062.0 495.0 0.00 0.00
43.0 470.0 0.00 0.00
616.0 448.0 0.00 0.00
1324.0 751.0 0.00 0.00
807.0 1122.0 0.00 0.00
1711.0 151.0 0.00 0.00
1272.0 626.0 0.00 0.00
1490.0 624.0 0.00 0.00
277.0 207.0 0.00 0.00
1224.0 375.0 0.00 0.00
896.0 319.0 0.00 0.00
1277.0 447.0 0.00 0.00
573.0 1163.0 0.00 0.00
1243.0 975.0 0.00 0.00
1136.0 431.0 0.00 0.00
457.0 788.0 0.00 0.00
1268.0 718.0 0.00 0.00
1055.0 176.0 0.00 0.00
1175.0 703.0 0.00 0.00
1308.0 649.0 0.00 0.00
379.0 1165.0 0.00 0.00
967.0 281.0 0.00 0.00
954.0 479.0 0.00 0.00
799.0 351.0 0.00 0.00
176.0 385.0 0.00 0.00
1431.0 1166.0 0.00 0.00
104.0 275.0 0.00 0.00
1175.0 544.0 0.00 0.00
998.0 393.0 0.00 0.00
1619.0 955.0 0.00 0.00
160.0 118.0 0.00 0.00
519.0 815.0 0.00 0.00
691.0 520.0 0.00 0.00
1127.0 488.0 0.00 0.00
103.0 319.0 0.00 0.00
743.0 335.0 0.00 0.00
1631.0 1170.0 0.00 0.00
1599.0 127.0 0.00 0.00
1287.0 552.0 0.00 0.00
967.0 992.0 0.00 0.00
785.0 209.0 0.00 0.00
1762.0 232.0 0.00 0.00
112.0 597.0 0.00 0.00
924.0 1133.0 0.00 0.00
1325.0 671.0 0.00 0.00
632.0 783.0 0.00 0.00
735.0 688.0 0.00 0.00
1335.0 391.0 0.00 0.00
1031.0 804.0 0.00 0.00
498.0 725.0 0.00 0.00
1567.0 465.0 0.00 0.00
645.0 758.0 0.00 0.00
1486.0 302.0 0.00 0.00
1743.0 348.0 0.00 0.00
1360.0 577.0 0.00 0.00
855.0 96.0 0.00 0.00
135.0 434.0 0.00 0.00
543.0 479.0 0.00 0.00
1720.0 242.0 0.00 0.00
1325.0 714.0 0.00 0.00
442.0 414.0 0.00 0.00
1782.0 134.0 0.00 0.00
1715.0 592.0 0.00 0.00
817.0 854.0 0.00 0.00
1359.0 498.0 0.00 0.00
187.0 418.0 0.00 0.00
582.0 1152.0 0.00 0.00
96.0 997.0 0.00 0.00
449.0 925.0 0.00 0.00
1336.0 431.0 0.00 0.00
247.0 894.0 0.00 0.00
343.0 504.0 0.00 0.00
1694.0 619.0 0.00 0.00
875.0 1001.0 0.00 0.00
1244.0 721.0 0.00 0.00
1392.0 416.0 0.00 0.00
1271.0 374.0 0.00 0.00
1271.0 936.0 0.00 0.00
1001.0 801.0 0.00 0.00
1696.0 207.0 0.00 0.00
1561.0 685.0 0.00 0.00
1200.0 644.0 0.00 0.00
1591.0 519.0 0.00 0.00
1191.0 40.0 0.00 0.00
1375.0 543.0 0.00 0.00
834.0 826.0 0.00 0.00
55.0 327.0 0.00 0.00
504.0 225.0 0.00 0.00
969.0 479.0 0.00 0.00
1326.0 439.0 0.00 0.00
383.0 570.0 0.00 0.00
1158.0 665.0 0.00 0.00
1732.0 232.0 0.00 0.00
819.0 552.0 0.00 0.00
151.0 981.0 0.00 0.00
623.0 966.0 0.00 0.00
717.0 279.0 0.00 0.00
528.0 489.0 0.00 0.00
1711.0 96.0 0.00 0.00
837.0 533.0 0.00 0.00
1168.0 224.0 0.00 0.00
903.0 559.0 0.00 0.00
1239.0 592.0 0.00 0.00
1041.0 335.0 0.00 0.00
478.0 790.0 0.00 0.00
896.0 284.0 0.00 0.00
322.0 397.0 0.00 0.00
1494.0 79.0 0.00 0.00
247.0 558.0 0.00 0.00
1331.0 783.0 0.00 0.00
150.0 1020.0 0.00 0.00
1144.0 503.0 0.00 0.00
408.0 773.0 0.00 0.00
381.0 367.0 0.00 0.00
1608.0 789.0 0.00 0.00
1411.0 1113.0 0.00 0.00
677.0 904.0 0.00 0.00
887.0 442.0 0.00 0.00
170.0 1162.0 0.00 0.00
1032.0 618.0 0.00 0.00
1645.0 987.0 0.00 0.00
291.0 348.0 0.00 0.00
662.0 79.0 0.00 0.00
1294.0 688.0 0.00 0.00
1566.0 965.0 0.00 0.00
367.0 932.0 0.00 0.00
375.0 678.0 0.00 0.00
1543.0 96.0 0.00 0.00
1676.0 951.0 0.00 0.00
692.0 706.0 0.00 0.00
1406.0 658.0 0.00 0.00
1232.0 613.0 0.00 0.00
651.0 417.0 0.00 0.00
491.0 1150.0 0.00 0.00
1577.0 559.0 0.00 0.00
1302.0 745.0 0.00 0.00
482.0 512.0 0.00 0.00
131.0 975.0 0.00 0.00
1558.0 1093.0 0.00 0.00
436.0 355.0 0.00 0.00
782.0 921.0 0.00 0.00
778.0 290.0 0.00 0.00
1624.0 375.0 0.00 0.00
1648.0 495.0 0.00 0.00
1786.0 828.0 0.00 0.00
928.0 217.0 0.00 0.00
1429.0 934.0 0.00 0.00
1564.0 869.0 0.00 0.00
1684.0 721.0 0.00 0.00
181.0 447.0 0.00 0.00
1609.0 938.0 0.00 0.00
671.0 579.0 0.00 0.00
518.0 1171.0 0.00 0.00
825.0 818.0 0.00 0.00
46.0 588.0 0.00 0.00
177.0 955.0 0.00 0.00
1064.0 332.0 0.00 0.00
858.0 913.0 0.00 0.00
1219.0 745.0 0.00 0.00
1281.0 383.0 0.00 0.00
1413.0 657.0 0.00 0.00
1046.0 625.0 0.00 0.00
951.0 1143.0 0.00 0.00
1510.0 650.0 0.00 0.00
1073.0 441.0 0.00 0.00
1728.0 23.0 0.00 0.00
1033.0 704.0 0.00 0.00
1607.0 395.0 0.00 0.00
1403.0 1006.0 0.00 0.00
1351.0 789.0 0.00 0.00
223.0 467.0 0.00 0.00
203.0 878.0 0.00 0.00
1335.0 423.0 0.00 0.00
1264.0 448.0 0.00 0.00
768.0 744.0 0.00 0.00
1419.0 1175.0 0.00 0.00
312.0 1161.0 0.00 0.00
485.0 385.0 0.00 0.00
1166.0 487.0 0.00 0.00
569.0 383.0 0.00 0.00
1567.0 96.0 0.00 0.00
824.0 232.0 0.00 0.00
504.0 818.0 0.00 0.00
1711.0 304.0 0.00 0.00
260.0 527.0 0.00 0.00
1360.0 1098.0 0.00 0.00
351.0 296.0 0.00 0.00
267.0 547.0 0.00 0.00
1289.0 226.0 0.00 0.00
1080.0 596.0 0.00 0.00
1637.0 932.0 0.00 0.00
216.0 655.0 0.00 0.00
783.0 380.0 0.00 0.00
17.0 680.0 0.00 0.00
949.0 1003.0 0.00 0.00
1159.0 640.0 0.00 0.00
1151.0 631.0 0.00 0.00
8.0 922.0 0.00 0.00
623.0 856.0 0.00 0.00
1231.0 215.0 0.00 0.00
1199.0 456.0 0.00 0.00
1695.0 112.0 0.00 0.00
1488.0 717.0 0.00 0.00
895.0 355.0 0.00 0.00
235.0 307.0 0.00 0.00
625.0 499.0 0.00 0.00
1378.0 55.0 0.00 0.00
234.0 613.0 0.00 0.00
989.0 920.0 0.00 0.00
333.0 687.0 0.00 0.00
1713.0 538.0 0.00 0.00
1104.0 864.0 0.00 0.00
960.0 264.0 0.00 0.00
1145.0 672.0 0.00 0.00
803.0 263.0 0.00 0.00
28.0 930.0 0.00 0.00
1753.0 426.0 0.00 0.00
1147.0 217.0 0.00 0.00
1583.0 64.0 0.00 0.00
631.0 303.0 0.00 0.00
461.0 717.0 0.00 0.00
56.0 956.0 0.00 0.00
163.0 311.0 0.00 0.00
672.0 816.0 0.00 0.00
744.0 624.0 0.00 0.00
1349.0 798.0 0.00 0.00
90.0 1189.0 0.00 0.00
1185.0 645.0 0.00 0.00
259.0 1160.0 0.00 0.00
651.0 597.0 0.00 0.00
1770.0 740.0 0.00 0.00
866.0 699.0 0.00 0.00
984.0 235.0 0.00 0.00
1396.0 667.0 0.00 0.00
1094.0 207.0 0.00 0.00
1464.0 604.0 0.00 0.00
989.0 971.0 0.00 0.00
600.0 363.0 0.00 0.00
1512.0 414.0 0.00 0.00
1023.0 288.0 0.00 0.00
279.0 963.0 0.00 0.00
1450.0 605.0 0.00 0.00
1080.0 819.0 0.00 0.00
783.0 851.0 0.00 0.00
206.0 1189.0 0.00 0.00
359.0 627.0 0.00 0.00
837.0 456.0 0.00 0.00
1270.0 841.0 0.00 0.00
1404.0 962.0 0.00 0.00
1692.0 578.0 0.00 0.00
1705.0 863.0 0.00 0.00
1046.0 957.0 0.00 0.00
1491.0 652.0 0.00 0.00
1639.0 42.0 0.00 0.00
1706.0 914.0 0.00 0.00
191.0 489.0 0.00 0.00
1303.0 503.0 0.00 0.00
1701.0 721.0 0.00 0.00
1391.0 638.0 0.00 0.00
1168.0 563.0 0.00 0.00
971.0 860.0 0.00 0.00
960.0 359.0 0.00 0.00
10.0 559.0 0.00 0.00
365.0 641.0 0.00 0.00
806.0 453.0 0.00 0.00
1679.0 184.0 0.00 0.00
1408.0 308.0 0.00 0.00
511.0 479.0 0.00 0.00
1025.0 800.0 0.00 0.00
991.0 406.0 0.00 0.00
720.0 759.0 0.00 0.00
591.0 249.0 0.00 0.00
1747.0 715.0 0.00 0.00
1504.0 438.0 0.00 0.00
62.0 1172.0 0.00 0.00
910.0 811.0 0.00 0.00
800.0 433.0 0.00 0.00
1391.0 391.0 0.00 0.00
648.0 710.0 0.00 0.00
244.0 465.0 0.00 0.00
1001.0 796.0 0.00 0.00
656.0 966.0 0.00 0.00
1119.0 207.0 0.00 0.00
1231.0 399.0 0.00 0.00
1487.0 525.0 0.00 0.00
733.0 882.0 0.00 0.00
266.0 905.0 0.00 0.00
79.0 1102.0 0.00 0.00
1689.0 486.0 0.00 0.00
920.0 487.0 0.00 0.00
1048.0 1161.0 0.00 0.00
1024.0 304.0 0.00 0.00
285.0 1140.0 0.00 0.00
1251.0 709.0 0.00 0.00
34.0 711.0 0.00 0.00
264.0 169.0 0.00 0.00
543.0 31.0 0.00 0.00
263.0 829.0 0.00 0.00
434.0 681.0 0.00 0.00
58.0 296.0 0.00 0.00
1592.0 467.0 0.00 0.00
816.0 182.0 0.00 0.00
1208.0 543.0 0.00 0.00
206.0 653.0 0.00 0.00
424.0 417.0 0.00 0.00
811.0 607.0 0.00 0.00
851.0 525.0 0.00 0.00
38.0 605.0 0.00 0.00
983.0 319.0 0.00 0.00
258.0 434.0 0.00 0.00
663.0 301.0 0.00 0.00
563.0 746.0 0.00 0.00
315.0 317.0 0.00 0.00
1557.0 847.0 0.00 0.00
1142.0 535.0 0.00 0.00
1633.0 1016.0 0.00 0.00
1327.0 103.0 0.00 0.00
1731.0 939.0 0.00 0.00
1097.0 399.0 0.00 0.00
1015.0 415.0 0.00 0.00
852.0 504.0 0.00 0.00
736.0 206.0 0.00 0.00
154.0 558.0 0.00 0.00
1119.0 371.0 0.00 0.00
1272.0 293.0 0.00 0.00
1503.0 512.0 0.00 0.00
830.0 164.0 0.00 0.00
1608.0 24.0 0.00 0.00
1294.0 976.0 0.00 0.00
247.0 576.0 0.00 0.00
767.0 312.0 0.00 0.00
512.0 847.0 0.00 0.00
1446.0 674.0 0.00 0.00
1620.0 628.0 0.00 0.00
413.0 656.0 0.00 0.00
1167.0 446.0 0.00 0.00
126.0 97.0 0.00 0.00
474.0 707.0 0.00 0.00
1450.0 962.0 0.00 0.00
1523.0 746.0 0.00 0.00
1209.0 777.0 0.00 0.00
1615.0 463.0 0.00 0.00
1288.0 128.0 0.00 0.00
