01_Camera1.jpg 02_Camera1.jpg
0 552
1 36
2 242
3 125
4 296
5 1
6 273
7 8
8 375
9 4
10 85
11 39
12 46
13 409
14 10
15 18
16 17
17 332
18 760
19 77
20 541
21 199
22 418
23 63
24 903
25 299
26 259
27 137
28 305
30 82
31 116
32 619
33 326
34 201
37 170
38 74
39 66
40 215
41 342
42 266
43 764
44 37
46 1208
47 254
48 438
49 122
50 539
51 21
52 3
53 13
54 574
55 913
56 1144
57 249
58 1090
59 216
60 334
61 664
62 138
63 1304
64 89
65 659
66 309
67 498
68 159
69 365
70 276
71 308
72 174
73 142
74 31
75 67
76 162
77 727
78 222
79 550
82 671
83 126
84 114
85 70
86 454
87 1468
88 1733
89 143
90 285
91 219
93 1567
94 293
95 673
96 682
97 43
98 684
99 90
100 491
101 356
102 2701
103 60
104 133
105 164
106 192
107 845
108 444
109 509
110 1127
111 385
112 1123
113 58
114 2052
115 400
116 652
117 1265
118 377
119 324
120 104
121 501
122 246
124 676
125 121
126 218
127 556
128 291
129 730
130 502
131 466
132 628
133 524
135 1059
136 1960
137 546
138 255
139 1602
140 561
142 1019
143 34
144 179
145 504
146 677
147 639
149 483
150 908
151 584
152 176
155 272
156 1184
157 993
158 171
159 304
160 782
161 344
162 530
163 817
164 762
165 1247
167 35
169 1402
170 499
171 923
172 548
173 1061
174 832
175 1038
176 849
177 393
178 19
179 889
180 1206
181 423
182 570
183 635
184 419
185 68
186 941
187 736
188 553
189 64
190 814
192 506
193 335
195 513
196 453
197 147
198 294
200 804
201 76
203 228
204 3484
205 789
206 450
207 761
208 250
210 1528
211 930
212 650
213 979
214 134
215 151
216 196
217 894
219 115
220 306
221 229
222 703
223 609
224 510
226 887
227 301
228 20
229 140
230 428
231 347
232 452
233 87
234 1360
235 614
236 153
238 531
239 1794
240 61
241 330
242 2169
243 360
244 319
245 124
246 350
247 934
248 12
249 2475
250 481
252 172
254 869
255 1157
256 469
257 26
258 1272
259 161
260 202
262 1097
263 317
264 1474
265 581
266 78
268 465
269 1027
270 373
271 102
272 203
273 318
274 810
275 221
276 1348
277 118
278 429
279 571
280 841
282 753
283 433
284 380
285 1429
286 638
287 1203
289 144
290 763
291 53
292 381
294 809
296 1223
298 751
299 86
300 206
301 994
302 1689
304 750
305 130
306 289
307 93
308 405
309 263
310 394
311 613
312 256
313 1295
314 726
315 341
316 177
317 455
318 1018
319 786
320 47
321 2316
322 213
323 1258
324 1209
325 700
326 258
327 696
330 500
331 1191
332 674
334 620
336 2881
337 2676
338 525
339 588
340 426
341 245
342 243
343 48
344 100
345 264
346 127
347 231
348 925
350 252
351 1627
353 325
354 349
355 331
356 981
357 820
358 710
359 1615
360 11
361 3639
362 3077
363 874
365 280
366 261
367 435
368 315
369 1650
370 1489
371 740
372 748
373 52
374 415
375 987
376 980
378 882
379 863
382 798
383 44
384 320
385 586
386 518
387 226
388 80
389 575
390 1030
391 167
392 166
395 449
396 94
398 678
400 225
402 24
403 183
404 1504
405 1256
406 2235
407 1239
408 566
411 830
412 516
413 1107
415 683
416 239
417 2350
418 486
419 149
421 236
422 598
423 1608
424 447
425 307
427 372
428 237
429 103
430 1677
432 540
434 2051
436 457
437 448
439 1101
441 368
443 367
444 608
445 915
446 996
447 16
449 1496
451 1695
452 790
453 844
454 33
455 1149
456 180
457 88
458 391
459 1046
460 1280
461 0
462 672
464 876
466 1094
469 382
470 23
471 911
472 995
473 1788
474 251
475 660
476 1009
477 807
478 523
479 292
481 1105
482 1840
483 1098
484 589
488 286
490 1638
491 1686
492 398
493 880
494 406
495 1719
496 214
499 644
501 310
502 98
503 1165
505 688
507 374
508 573
509 1326
510 842
511 27
512 551
513 463
514 1334
516 582
517 873
518 1289
519 56
520 739
521 657
522 649
523 361
524 597
525 974
526 1173
527 99
529 1271
530 627
531 84
533 898
534 111
535 270
536 829
537 271
539 363
540 803
541 209
542 884
543 417
544 2071
545 312
546 1119
547 592
548 212
549 408
550 961
551 632
552 686
553 1436
555 59
557 779
560 707
561 828
562 591
563 579
564 2280
565 355
567 634
568 1069
569 929
571 235
572 520
573 667
574 855
575 230
576 389
577 1357
578 603
582 2407
583 931
584 1095
585 992
586 1014
587 295
588 413
589 877
590 856
591 1240
592 1017
593 997
594 410
596 1093
597 986
598 1471
599 666
600 2547
602 1091
604 769
606 1063
607 160
608 173
609 268
610 383
611 655
612 464
613 283
614 1553
615 473
617 1807
618 345
619 661
620 376
622 152
623 1201
624 420
626 208
627 1559
628 662
630 1540
631 265
632 1743
633 1169
634 407
635 2018
636 976
637 743
638 625
639 771
642 1562
644 497
645 476
647 1449
648 1207
649 704
651 1010
652 2083
653 1811
654 3277
655 776
656 1361
658 1055
659 515
660 1003
661 653
662 580
664 1547
665 1400
666 724
667 1267
668 328
669 742
670 1111
672 1281
673 1425
674 631
675 1197
676 195
677 1333
678 352
679 1083
681 54
682 879
683 697
686 257
687 22
689 277
691 458
692 1147
693 1264
696 1646
697 534
698 446
699 1078
700 622
701 1108
702 32
703 735
705 1557
706 1132
708 775
709 182
710 859
712 1163
713 543
715 404
716 957
717 2041
718 711
719 1156
720 867
721 1568
723 75
725 508
726 1074
727 702
728 1117
729 629
730 1329
731 401
734 95
735 658
736 850
738 146
739 962
740 2100
741 321
742 1676
743 2293
744 3087
745 2209
746 1103
747 480
748 1410
749 596
750 991
751 1660
752 1128
753 857
754 917
755 1102
756 990
757 1849
758 1231
759 333
760 616
762 416
764 1136
766 2192
767 1045
768 787
769 948
770 1342
771 715
772 1455
775 749
776 2133
777 679
779 366
781 475
784 1365
785 1755
787 1944
788 1515
789 1072
790 2491
792 945
793 238
794 618
795 106
797 1825
798 187
801 1883
802 364
803 1141
804 549
805 434
807 2413
809 1166
810 636
811 744
813 1930
814 1598
815 640
816 472
817 1915
818 1996
820 2003
821 1332
822 105
823 1910
824 1609
825 4082
826 1350
827 766
828 801
829 1555
831 2127
832 517
833 532
835 988
836 2205
837 928
838 851
839 1522
840 984
841 1748
842 693
844 1344
845 838
846 783
848 718
849 611
850 827
851 3029
853 2109
854 3620
855 647
856 232
857 1023
858 1351
859 939
860 155
861 1275
862 477
863 1126
864 2598
865 2408
866 861
867 1170
868 112
869 247
871 1663
874 101
875 656
877 1819
878 1675
879 2378
880 1263
881 802
882 1603
883 148
884 459
885 847
886 871
887 1104
888 492
890 2665
891 1161
892 1851
893 1060
894 136
896 2064
899 626
900 1099
901 1634
902 752
903 932
904 1026
905 927
906 781
907 1398
908 1323
909 1664
910 1086
911 14
912 1988
913 1823
914 1691
915 1313
916 1253
919 1205
920 1138
921 427
922 132
924 2828
925 1153
927 1057
928 1252
930 1303
931 1621
932 808
933 954
934 2230
935 758
936 1746
938 1255
940 3117
942 1290
943 507
944 1245
945 637
946 1031
947 1587
948 1381
949 1554
951 1510
952 1216
953 1542
954 1446
956 1212
958 1259
959 1037
961 788
963 1815
964 1296
965 606
967 414
968 1536
970 1706
971 1291
972 708
973 2160
975 1747
977 643
979 445
980 1162
981 1872
982 872
984 2689
985 2093
986 983
987 1131
988 2273
990 3053
991 2314
992 2024
993 1383
994 3401
997 899
998 1085
999 2036
1000 1734
1001 1229
1002 1299
1003 1321
1004 1145
1008 2334
1009 891
1012 1453
1014 642
1015 1999
1016 1246
1017 1210
1020 1431
1023 3517
1024 2184
1026 1071
1027 2074
1028 1444
1029 2271
1030 681
1031 1395
1032 3137
1033 535
1035 1740
1037 2504
1038 947
1039 978
1040 1808
1041 823
1044 204
1045 1887
1047 1266
1048 1585
1049 1168
1051 694
1052 1513
1053 1312
1056 1048
1057 895
1058 1637
1059 1592
1060 2307
1061 933
1063 1374
1064 1180
1066 1006
1067 1155
1068 1182
1069 1727
1072 865
1073 831
1074 1760
1075 963
1076 119
1077 648
1079 41
1080 1776
1082 1194
1083 1701
1084 2599
1085 223
1086 1352
1088 1653
1089 1752
1090 2621
1091 1581
1092 645
1093 1480
1094 1499
1096 1475
1097 1493
1100 819
1102 999
1103 1309
1104 2912
1105 912
1106 1011
1107 778
1108 1300
1109 601
1110 1619
1113 1882
1114 3011
1116 2467
1117 2053
1118 706
1119 1314
1120 1088
1122 3398
1125 567
1126 1724
1127 462
1128 1443
1129 886
1130 1226
1131 2329
1132 2514
1133 905
1134 3352
1135 388
1136 2063
1137 1464
1141 2136
1142 955
1143 1669
1144 359
1145 1694
1146 1962
1148 2073
1150 663
1152 1013
1153 1195
1154 1597
1155 1373
1156 3640
1157 1543
1158 1176
1161 1282
1164 1629
1165 2044
1166 904
1167 2574
1168 3699
1169 1437
1170 757
1173 1222
1174 651
1175 909
1178 1726
1179 1710
1180 852
1181 1610
1183 1565
1184 1531
1185 1133
1186 1649
1187 1975
1190 2630
1191 1784
1194 1852
1196 2533
1197 1345
1198 1221
1199 3968
1201 2153
1202 1317
1205 3548
1206 1343
1207 773
1208 2007
1209 1339
1210 1778
1212 2183
1213 1279
1214 2172
1215 2669
1219 630
1220 2016
1221 1175
1223 1482
1225 2377
1226 1729
1227 2324
1228 1385
1231 1905
1232 1868
1233 572
1235 1904
1236 2694
1237 1244
1238 348
1239 1927
1241 1579
1243 1641
1244 1064
1245 1864
1246 960
1248 1358
1249 1725
1252 2055
1253 1684
1254 1916
1256 3199
1257 2332
1259 3068
1261 1495
1263 1000
1264 1070
1265 734
1266 1412
1267 1269
1268 1775
1269 2605
1270 1500
1273 3101
1274 528
1275 3777
1277 1371
1278 1039
1279 1662
1280 1435
1281 2249
1282 2065
1283 544
1285 2335
1286 478
1287 1274
1288 806
1290 919
1291 1744
1292 1021
1293 1479
1294 1484
1297 1472
1298 197
1299 1616
1301 1467
1302 1667
1303 1330
1304 1908
1306 1541
1307 1895
1308 3701
1309 267
1310 1604
1313 471
1314 1708
1315 2166
1319 1893
1320 1721
1322 2268
1323 1319
1328 2795
1330 1768
1333 2433
1334 1042
1335 2098
1336 1626
1337 866
1338 1901
1340 1718
1341 3810
1342 1390
1344 1509
1345 1487
1346 386
1350 1498
1352 1728
1355 1826
1356 1640
1359 1751
1360 1703
1361 1178
1362 1520
1364 1481
1366 2151
1367 1407
1369 3578
1370 1137
1372 1666
1373 1171
1374 3167
1375 3555
1376 1707
1377 1797
1378 1685
1379 1816
1380 2120
1381 4057
1382 1738
1387 2144
1388 3127
1389 1736
1390 1665
1391 1753
1392 1918
1394 2392
1395 2331
1396 1857
1397 1297
1398 1517
1399 2152
1400 977
1401 604
1404 1007
1407 1052
1408 1415
1413 1917
1414 2374
1416 1723
1417 950
1418 1867
1419 2014
1421 3258
1423 1185
1424 1850
1425 1202
1426 3211
1427 2026
1428 3259
1430 1113
1431 1066
1433 1704
1434 3047
1435 1122
1436 3301
1437 1735
1440 578
1441 1341
1442 797
1443 494
1444 2671
1448 2140
1449 1984
1450 2224
1451 2675
1452 3190
1453 821
1454 2005
1457 2352
1459 1376
1460 436
1464 2603
1465 2328
1466 2925
1467 1835
1468 1590
1469 2130
1470 3322
1472 1648
1473 2262
1474 3901
1476 2339
1477 1525
1479 1362
1480 864
1481 2815
1482 2994
1483 1470
1484 1914
1485 2553
1487 1388
1488 2088
1491 1972
1492 2348
1493 1639
1494 1336
1495 2154
1496 1311
1497 2897
1499 2037
1500 1836
1504 537
1505 1040
1506 953
1507 1643
1508 2824
1509 2429
1510 1699
1511 2393
1512 1494
1514 3246
1515 3506
1517 141
1518 896
1521 1056
1522 695
1523 1384
1525 3714
1527 2457
1528 971
1529 785
1530 3412
1531 2607
1532 1758
1533 1814
1535 1538
1536 2177
1537 1508
1540 91
1541 2579
1542 2570
1545 2040
1547 1635
1548 1047
1549 1440
1550 721
1551 1661
1552 2102
1555 2739
1556 1890
1557 1898
1559 1959
1560 1809
1561 1566
1562 2061
1563 313
1564 2025
1565 2142
1566 2008
1567 3434
1568 205
1569 1817
1570 1765
1572 2050
1575 1953
1576 1142
1581 811
1582 1236
1584 3098
1585 2488
1586 2345
1587 2993
1589 2035
1591 2085
1593 3116
1594 1697
1598 1535
1599 2046
1600 224
1601 2492
1602 3293
1603 1902
1605 3765
1607 2075
1608 1164
1611 1928
1612 1306
1613 1442
1615 2125
1618 1991
1619 1285
1621 815
1622 1283
1623 2038
1626 2651
1627 340
1628 1366
1629 527
1631 1987
1632 1830
1633 1818
1635 1899
1636 2758
1637 2943
1639 1613
1640 1354
1641 73
1642 1866
1643 2214
1644 468
1645 2167
1646 3665
1647 1936
1648 1833
1649 2132
1650 2197
1651 1418
1652 1990
1654 1278
1655 1224
1656 3374
1658 2632
1659 2415
1660 2283
1661 3906
1663 2445
1664 2156
1666 1781
1667 967
1668 2216
1671 2465
1672 2519
1673 1154
1675 2508
1679 1550
1682 2363
1685 2740
1686 1605
1687 1799
1688 2095
1689 1198
1691 2277
1692 885
1693 1346
1694 2770
1696 713
1698 1532
1700 1861
1702 1190
1703 2431
1704 1688
1705 2123
1708 1645
1709 833
1710 514
1711 1877
1712 2341
1713 2015
1715 2935
1716 281
1717 1841
1718 906
1719 2535
1721 1964
1724 1110
1726 3637
1728 2002
1729 1595
1731 1120
1733 2583
1736 1985
1738 3088
1739 1810
1740 1939
1741 2590
1742 2247
1743 3221
1744 699
1746 1379
1747 1406
1748 2786
1749 1750
1750 4012
1753 1570
1755 2690
1758 2858
1759 1772
1762 1135
1763 2282
1766 2548
1769 2576
1771 3411
1772 1756
1773 2672
1777 2149
1778 2972
1779 2243
1781 1843
1782 311
1785 2827
1791 1654
1793 2818
1794 2384
1795 2544
1796 2319
1798 1739
1799 3278
1800 1955
1801 1015
1803 1956
1805 1711
1806 2170
1807 2618
1808 2911
1810 3977
1811 2540
1812 2196
1814 371
1815 3133
1819 1160
1820 1844
1821 3486
1822 2206
1824 2629
1825 1919
1826 2091
1828 2782
1829 1347
1830 2388
1831 1737
1836 3753
1838 1065
1839 1612
1843 1308
1844 2741
1849 2713
1852 2101
1853 2631
1859 965
1860 3344
1861 2424
1862 2254
1864 1834
1866 2128
1868 1488
1869 2106
1872 1527
1875 2466
1878 1439
1879 1328
1884 2831
1885 2468
1886 2234
1887 3762
1888 1307
1889 357
1892 665
1893 1859
1894 2641
1895 3795
1897 3230
1903 3027
1905 3731
1906 2349
1907 168
1909 3059
1911 2161
1913 3227
1914 3154
1916 2309
1917 1673
1918 1020
1921 1546
1922 2601
1923 3505
1925 2027
1931 1005
1932 2834
1933 2938
1935 1460
1937 3200
1938 2702
1939 2668
1940 1241
1942 1862
1944 1754
1947 3674
1948 1217
1949 1767
1952 2449
1954 1714
1955 57
1956 2968
1958 3110
1961 2082
1964 2587
1968 1790
1969 2113
1971 1514
1973 1600
1977 1215
1978 1934
1983 3216
1984 868
1985 2215
1986 2086
1987 1951
1988 3043
1989 1911
1991 533
1992 1993
1994 685
1997 2347
2000 2566
2001 731
2003 2042
2007 1302
2008 1763
2009 3881
2011 2022
2012 2289
2016 1457
2017 3581
2018 479
2020 956
2022 1804
2024 1880
2027 2735
2033 3389
2034 3169
2035 2385
2036 2244
2038 2034
2039 1298
2040 1839
2041 2336
2043 2009
2044 3646
2045 1404
2048 1625
2049 2020
2051 3547
2052 1800
2053 1372
2054 2398
2056 3444
2061 2370
2063 2762
2064 2232
2066 1950
2067 1556
2069 2944
2075 1786
2077 2541
2080 2068
2082 1766
2086 1235
2089 1422
2091 4093
2095 3445
2098 1413
2102 1832
2109 1860
2110 964
2115 2809
2117 2080
2121 2021
2122 837
2123 951
2127 4034
2130 3357
2131 3060
2132 4030
2134 3778
2136 2984
2137 4041
2140 733
2143 3482
2144 2107
2147 2807
2149 2179
2153 1846
2154 1633
2155 2680
2157 2218
2160 2131
2161 1529
2164 4079
2166 2797
2168 3593
2174 2747
2176 3895
2177 2238
2179 774
2184 3076
2188 2610
2190 1477
2192 1320
2193 2012
2195 1995
2196 3213
2197 1519
2198 3860
2201 3512
2209 42
2210 1623
2213 3040
2217 1892
2222 2124
2223 2687
2227 3437
2229 3296
2232 3461
2236 2704
2253 2749
2257 1238
2259 2901
2262 3879
2264 1424
2271 2212
2278 3346
2279 1770
2282 2886
2285 2288
2287 2354
2289 3500
2295 2639
2300 1680
2302 1796
2304 2115
2306 4013
2314 3326
2318 2792
2319 2516
2321 3185
2322 3428
2325 2343
2326 1196
2330 2803
2331 2421
2333 1717
2335 2941
2342 3472
2349 2239
2351 2956
2352 3448
2353 2494
2355 3205
2360 2738
2364 1183
2369 2891
2373 938
2374 3814
2378 1433
2388 2486
2390 2523
2391 1569
2397 3321
2399 2799
2404 1577
2408 1795
2410 3498
2411 3671
2412 4051
2414 1242
2418 1762
2419 2919
2420 1174
2428 3703
2439 1121
2442 1564
2443 3158
2446 3315
2447 1432
2448 2401
2452 2705
2453 2682
2457 2849
2458 150
2460 3608
2464 2462
2466 2817
2468 1219
2472 3523
2473 3556
2476 339
2486 1382
2487 2542
2488 2875
2490 1401
2491 2910
2495 2556
2496 958
2502 3262
2509 1232
2511 2844
2514 2325
2517 2744
2524 3141
2528 1262
2529 3526
2531 2359
2543 1257
2548 2147
2551 2567
2552 3319
2557 3644
2564 2700
2575 1462
2580 2157
2584 2425
2586 2364
2588 2257
2595 1575
2600 3679
2601 3309
2613 2360
2614 1913
2617 3034
2623 2725
2626 2260
2627 3516
2628 3297
2629 1731
2633 4062
2634 722
2635 2066
2641 1251
2643 1364
2645 4039
2649 3537
2655 2382
2666 1628
2679 2999
2681 2742
2687 1683
2692 3012
2693 2452
2695 2581
2699 387
2700 3000
2708 2229
2711 3940
2712 2958
2723 1715
2726 2980
2728 3177
2729 1687
2730 1876
2731 3414
2736 1143
2743 3687
2744 2454
2746 2862
2758 2117
2760 2796
2764 1611
2765 1873
2771 4089
2774 2081
2775 3285
2779 1417
2782 1438
2784 897
2794 2116
2797 3681
2811 2645
2816 2420
2824 2615
2825 1526
2827 687
2833 3046
2835 1837
2837 2820
2839 1848
2843 1261
2847 1907
2848 4024
2856 2236
2860 3877
2861 2482
2866 2327
2869 2204
2871 2379
2877 3903
2881 2104
2885 2193
2886 2164
2894 2129
2897 3151
2905 4002
2910 4072
2913 1574
2914 3318
2915 799
2917 3854
2919 3166
2921 2443
2924 2406
2929 3251
2933 3367
2938 2441
2940 1516
2957 2049
2962 2520
2968 3335
2970 2111
2976 3462
2979 2266
2982 3095
2992 2551
2997 3779
3001 2291
3002 555
3012 3007
3026 3454
3029 2909
3035 2461
3040 3273
3044 2838
3045 2921
3046 2286
3062 1076
3068 2967
3075 2290
3076 1954
3079 557
3081 2069
3085 1642
3086 2686
3090 3042
3092 2805
3094 2450
3115 3990
3122 2434
3124 3789
3127 936
3134 2367
3146 1968
3148 2134
3150 1745
3169 3239
3178 3343
3185 3999
3189 3269
3205 2383
3206 3327
3212 3218
3213 3847
3215 2715
3219 2460
3225 3439
3231 1945
3233 2528
3235 3379
3236 2285
3237 3215
3243 2708
3245 2110
3263 1863
3274 1150
3281 3650
3282 3240
3284 2405
3298 2627
3303 4015
3314 2103
3324 2300
3325 2698
3338 2355
3344 4053
3348 2213
3351 2114
3353 1248
3368 2877
3371 3569
3385 1193
3387 1759
3394 777
3397 2004
3403 3949
3406 2395
3409 3384
3414 3562
3429 3181
3431 3400
3436 2279
3437 1503
3440 2907
3446 3316
3448 3094
3452 3774
3459 3767
3465 2971
3473 3092
3477 1396
3478 2411
3515 2724
3516 3875
3525 3839
3526 3163
3538 2031
3546 2175
3554 2755
3560 2529
3563 2655
3564 3897
3580 2320
3602 1419
3613 2227
3614 3804
3615 3826
3619 3483
3620 3683
3622 1787
3624 2746
3634 3776
3645 3096
3649 3654
3662 2543
3668 3821
3673 4088
3676 4058
3682 1403
3685 1250
3687 3004
3690 2272
3695 3063
3709 2969
3721 1853
3722 3984
3729 3165
3768 3409
3769 2276
3775 1674
3779 3433
3787 2793
3796 2908
3797 2490
3801 1886
3807 3680
3811 3635
3823 3443
3834 2822
3866 3844
3869 1596
3877 3522
3879 3627
3893 2438
3907 2463
3918 3299
3925 3174
3929 3279
3930 2261
3947 1428
3949 1478
3952 1801
3963 2191
3970 3366
3974 2853
3979 3475
3985 2837
3987 1450
3990 3691
3992 4074
3994 1497
3996 3136
4014 2135
4024 1896
4030 1473
4037 3311
4043 2159
4048 1420
4050 2839
4051 3600
4063 3052
4069 2351
4075 2178
4083 2636
4093 3904

02_Camera1.jpg 03_Camera1.jpg
0 36
2 86
3 69
5 97
6 50
7 605
8 4
9 148
10 142
11 664
12 22
13 403
14 380
15 501
16 182
17 0
18 1349
19 26
20 207
21 92
22 375
23 273
24 390
25 245
26 318
28 400
29 506
30 232
31 6
32 519
35 35
36 11
37 8
39 83
40 634
44 5
45 298
46 175
47 204
48 3
49 33
50 492
51 138
52 569
53 72
55 794
58 868
59 677
62 661
63 1093
64 581
65 461
66 158
67 145
69 482
70 125
71 47
72 32
74 71
76 1178
79 769
80 366
81 442
82 339
83 183
84 1233
85 21
87 382
89 748
90 137
92 357
93 431
95 1761
96 367
97 147
98 102
100 462
101 1334
102 170
103 143
104 820
105 1851
106 766
107 45
108 52
109 2836
110 211
111 1984
113 655
115 159
117 234
119 330
120 354
121 926
122 648
123 1881
127 467
128 317
129 274
130 434
131 297
132 941
134 599
135 553
137 17
138 84
139 186
140 185
143 293
144 777
145 133
146 731
147 991
149 997
151 104
152 62
154 425
155 993
156 586
158 230
159 1346
161 2247
163 39
165 548
167 494
168 570
170 347
171 349
172 452
173 1038
175 247
176 1060
177 2841
178 2212
181 643
182 735
183 303
184 600
185 890
186 34
187 705
190 101
191 2051
192 78
193 858
194 27
196 63
198 416
199 188
200 413
201 74
202 394
203 585
204 216
205 2096
206 353
208 1314
209 741
210 337
211 2348
212 259
213 31
214 1081
217 386
218 448
219 1703
220 992
221 227
222 500
227 346
228 258
229 1091
230 228
231 156
232 310
233 680
234 895
236 130
239 1237
240 1325
243 64
244 361
246 225
248 308
250 41
251 254
252 485
253 163
254 89
255 1305
256 433
257 617
258 248
260 515
261 355
262 90
264 823
265 65
266 224
267 1561
268 203
269 1613
270 687
272 1566
274 636
275 118
276 190
277 496
279 24
280 280
282 805
284 231
286 166
287 393
289 2109
290 800
291 598
292 315
293 470
294 578
295 1565
296 108
297 421
298 340
299 38
301 1
303 551
304 314
306 624
307 1278
308 811
309 167
310 644
311 751
313 279
314 55
315 765
316 852
317 358
318 428
319 240
320 545
321 538
323 81
324 514
325 67
327 178
328 478
329 406
330 391
332 12
334 961
336 1959
337 978
338 1186
342 68
344 88
345 897
346 1164
347 526
349 1023
350 1034
353 262
354 928
355 260
356 1772
358 261
360 432
362 1684
364 789
365 103
366 344
367 110
368 201
369 734
370 1098
372 387
376 117
377 592
378 20
379 404
382 28
383 1322
384 698
385 985
387 2064
388 451
389 1773
390 1288
392 684
393 651
394 288
395 1471
396 808
397 49
399 51
400 815
401 2017
402 56
403 162
406 714
407 468
409 460
411 171
412 149
414 507
415 172
416 1465
417 754
418 379
420 365
421 144
422 199
423 214
425 1833
426 85
427 1535
430 134
431 2591
432 1548
433 120
434 775
435 540
437 1052
438 115
439 73
440 87
441 1490
442 906
443 3680
445 1435
446 555
448 1047
451 1513
452 54
454 683
457 826
458 455
459 1935
460 1347
461 977
462 469
463 154
464 707
465 370
466 841
467 2243
469 1669
470 151
471 466
472 320
473 571
474 306
475 16
476 359
477 686
478 902
479 706
480 1488
481 1048
482 836
485 1383
486 1130
487 1930
488 547
491 561
493 463
494 1865
495 1171
496 3342
497 1388
498 80
499 208
501 1025
502 111
503 537
505 878
509 296
512 3017
513 276
515 252
516 481
517 745
521 691
522 620
523 305
524 726
525 856
527 1067
528 1543
530 603
532 1888
533 2453
534 1118
535 846
536 3294
538 423
540 518
541 109
543 1179
545 313
546 307
547 772
549 1332
552 241
556 91
558 695
559 2067
560 495
562 650
563 29
564 490
565 1456
566 179
568 174
571 1127
575 649
577 405
579 727
581 414
582 770
583 861
585 457
586 662
587 2724
588 838
589 331
590 218
591 235
592 522
593 1258
594 352
595 169
596 79
597 1008
598 1058
599 385
600 608
601 792
602 1508
603 1080
604 1687
606 692
607 131
609 665
611 446
612 564
613 1337
614 639
615 1068
616 1997
617 277
618 1704
619 776
620 257
621 849
622 1087
623 666
624 795
627 717
629 3062
631 541
632 77
635 527
636 319
637 1579
639 671
640 1571
641 1941
642 1197
643 1359
645 1175
646 444
649 1000
650 752
651 1268
652 289
653 1496
654 1838
655 854
656 975
657 674
658 936
659 1438
660 825
662 401
663 903
664 129
666 995
667 1017
668 106
669 1050
671 1675
672 53
673 574
675 1119
677 76
678 1710
680 459
681 883
682 487
683 1299
684 673
688 646
689 497
690 796
691 2497
692 520
693 847
696 271
697 594
699 638
700 1643
701 57
702 657
707 864
708 1377
709 1770
710 1024
711 803
712 334
713 1146
714 704
715 549
716 2554
717 1194
718 663
720 430
723 25
724 693
725 195
726 713
730 614
732 843
733 439
734 1113
735 689
736 229
737 763
738 1657
739 779
740 3428
741 989
742 1061
743 630
744 348
745 3308
746 255
747 1443
750 324
751 696
752 127
753 1002
754 1762
755 1796
756 2060
757 1402
759 979
762 1343
765 1235
766 708
768 233
769 1271
770 1790
771 930
772 14
773 341
777 1987
778 1427
779 300
780 343
781 791
782 290
783 1206
786 2420
787 1870
788 1142
789 450
790 1660
792 828
793 1184
794 774
795 397
797 1059
798 377
800 1631
801 597
802 1213
803 418
805 1117
806 1510
807 192
808 1188
809 267
810 2392
811 587
813 534
814 407
815 1361
816 582
818 122
819 187
821 1259
822 2398
823 1192
824 512
825 44
826 690
827 1075
828 1123
829 2093
830 1033
831 736
832 1447
834 1945
835 1111
836 176
838 1221
839 562
840 1231
842 1887
843 1300
844 958
846 3161
847 1276
848 498
849 2377
850 610
851 793
854 601
857 756
859 915
860 1431
861 556
862 3441
863 371
864 817
865 799
866 1177
867 543
869 908
870 2094
872 345
874 694
875 13
877 251
878 105
879 1026
880 1074
881 363
882 1503
884 287
885 484
886 1056
887 744
888 292
889 929
890 1084
891 539
892 615
893 524
894 994
896 1368
897 1512
898 528
899 923
901 667
903 383
904 577
905 932
906 2190
907 505
908 384
909 437
910 954
912 1198
913 98
914 3466
915 1338
916 2043
917 1136
918 2057
920 1189
922 1193
923 177
924 632
925 940
926 801
927 1078
928 1154
930 613
931 1100
932 1096
933 716
935 1199
937 1559
941 1864
942 1030
943 197
944 1232
946 1484
947 2300
948 483
950 730
951 58
952 2240
953 1257
957 647
959 1138
960 2411
961 780
963 1540
964 1841
966 629
967 1541
969 157
970 205
972 2609
973 215
974 1228
975 1027
976 1667
980 1106
981 1373
982 1032
983 1294
984 918
987 907
988 1308
989 984
990 1980
991 503
992 604
994 750
996 1719
997 990
998 1240
999 2358
1001 1273
1002 859
1005 575
1006 1504
1007 256
1008 4081
1010 264
1011 1116
1012 1225
1013 1605
1014 2388
1015 1035
1016 1327
1017 488
1018 1234
1019 1006
1020 2206
1021 124
1022 3391
1024 226
1025 2654
1027 1219
1028 566
1029 1272
1033 3712
1035 3227
1036 969
1037 1293
1038 1009
1042 1720
1044 2227
1045 2174
1046 3010
1047 1745
1048 417
1051 546
1052 1242
1053 834
1055 1073
1056 679
1058 622
1059 10
1061 884
1062 1392
1063 1125
1064 827
1065 2047
1066 456
1068 879
1069 1252
1071 1203
1073 472
1075 212
1076 2604
1077 1150
1078 419
1079 1498
1080 919
1081 1645
1082 2260
1084 1066
1086 804
1088 1298
1090 914
1091 1265
1093 728
1094 3034
1095 557
1096 453
1097 832
1098 1248
1100 948
1104 3996
1105 249
1106 742
1108 409
1113 749
1114 782
1116 3419
1117 1474
1118 1873
1120 1400
1121 1855
1122 1467
1123 785
1124 1376
1126 1120
1129 1910
1130 1848
1132 1573
1133 2102
1135 1520
1136 2152
1137 1682
1138 1616
1139 1419
1140 590
1141 1479
1144 209
1146 1859
1147 132
1148 1973
1149 568
1150 3335
1151 3018
1152 1037
1153 1260
1154 116
1156 1668
1157 475
1159 669
1161 1356
1162 916
1163 1156
1165 1626
1167 206
1168 702
1169 924
1171 1238
1172 939
1174 9
1175 1649
1176 1318
1177 1606
1178 1537
1179 3999
1185 1283
1186 1786
1190 1135
1192 2770
1194 1311
1195 1911
1196 974
1197 760
1198 591
1199 1309
1200 1755
1202 1004
1203 1227
1204 865
1205 1787
1206 1101
1207 1112
1208 15
1209 2253
1210 2343
1213 2629
1215 1562
1216 870
1218 1922
1220 1202
1221 1529
1223 723
1224 1797
1227 857
1228 573
1229 871
1230 1329
1233 725
1234 3954
1235 2181
1236 369
1237 787
1238 1824
1239 1800
1240 2320
1241 119
1243 860
1244 2565
1246 2028
1247 1358
1249 1679
1250 1699
1251 611
1252 368
1254 2389
1257 962
1258 771
1263 1477
1264 888
1266 1092
1267 3211
1268 1222
1269 1404
1271 2671
1274 2090
1277 1921
1279 396
1280 739
1282 2116
1283 441
1285 2519
1286 1706
1288 973
1289 576
1291 757
1295 1834
1297 2942
1299 1379
1300 1191
1301 1974
1303 1853
1304 3341
1305 3271
1308 246
1309 473
1313 712
1314 1539
1315 1661
1316 1874
1317 986
1321 489
1322 3910
1323 1295
1325 3014
1326 1133
1327 964
1329 660
1330 1753
1332 2590
1333 422
1336 2076
1338 1267
1341 1319
1342 1461
1343 1403
1345 1062
1347 1676
1349 1019
1351 2006
1352 121
1353 2359
1355 1391
1356 2167
1358 911
1360 1255
1362 1434
1365 950
1366 2262
1370 1896
1371 1423
1374 2418
1375 1823
1379 1917
1380 1264
1382 2000
1383 299
1384 1636
1386 2764
1390 1587
1391 1511
1392 2779
1399 1981
1400 931
1401 2255
1403 2069
1407 328
1408 682
1410 1209
1415 882
1416 1412
1417 1336
1419 1250
1420 398
1421 1367
1422 2792
1423 2887
1424 1185
1425 2432
1426 1483
1428 1022
1430 3456
1432 239
1433 1297
1434 768
1435 221
1436 532
1439 1893
1442 1386
1444 523
1445 1563
1446 2186
1448 1866
1449 1793
1450 1674
1451 1441
1453 2901
1454 3979
1455 955
1456 925
1457 1577
1458 2384
1460 1601
1461 1357
1462 2294
1463 1515
1464 1366
1465 1439
1468 609
1469 2751
1470 909
1471 1842
1473 2362
1474 1328
1475 499
1478 1365
1480 898
1481 266
1482 3143
1483 3249
1484 1114
1485 2559
1487 2538
1488 388
1489 720
1491 1054
1493 1157
1494 1433
1496 113
1498 652
1499 2270
1500 1735
1501 1610
1502 3448
1503 3828
1506 362
1507 1454
1508 1243
1511 2969
1512 480
1513 1532
1514 3040
1515 2145
1517 2854
1518 1134
1519 891
1520 1218
1524 1714
1526 1932
1527 1912
1528 2494
1530 3934
1532 1648
1533 1856
1534 1966
1536 2039
1537 2477
1538 3362
1540 877
1541 1598
1544 372
1545 1449
1546 1591
1548 542
1550 1880
1551 619
1552 1759
1553 797
1555 1141
1556 3258
1557 1737
1558 1858
1559 1014
1562 1152
1564 2370
1565 1296
1566 851
1570 2068
1572 1776
1575 1802
1576 2341
1577 3044
1578 2669
1580 2063
1581 1021
1582 1266
1583 4079
1585 1341
1586 1223
1588 2663
1589 1878
1590 1324
1591 3691
1592 3926
1593 1658
1594 351
1595 1670
1596 1387
1597 1545
1600 2662
1601 1046
1603 1005
1606 2113
1607 2907
1608 2297
1609 1094
1611 1791
1613 1546
1614 886
1615 2437
1616 2650
1618 3642
1620 477
1621 3145
1622 1903
1624 160
1625 1708
1627 889
1629 2117
1631 445
1632 1712
1636 2029
1637 873
1638 2008
1641 1875
1644 1275
1646 2082
1648 2293
1649 1301
1650 1640
1653 1124
1654 2508
1655 1249
1656 2249
1659 3851
1660 685
1661 1589
1662 2312
1663 1972
1665 3570
1666 1950
1668 1835
1670 1983
1671 2159
1672 2121
1675 2767
1676 1495
1677 2425
1681 2825
1682 1393
1683 2163
1684 1455
1685 1996
1686 885
1687 1994
1688 1354
1689 1323
1690 3021
1691 1102
1692 1794
1693 2442
1694 2695
1695 1572
1697 1611
1699 1333
1700 1900
1703 1509
1704 1226
1705 3586
1708 2579
1709 1659
1710 2636
1711 631
1716 1161
1717 2479
1719 1609
1721 2184
1722 788
1723 3156
1724 1736
1726 1733
1728 1436
1730 1884
1731 3231
1732 1137
1734 1897
1735 1642
1737 2872
1738 3879
1739 285
1740 474
1743 1207
1744 3836
1745 3220
1746 1525
1748 927
1749 1646
1750 2719
1752 3208
1753 1857
1754 2171
1758 2814
1761 1654
1762 223
1763 1381
1765 1988
1766 4018
1768 2187
1769 3172
1770 3416
1773 3201
1774 2099
1775 1846
1777 1418
1778 1889
1779 1109
1780 1705
1785 1335
1791 3001
1792 1752
1793 402
1794 1262
1795 3101
1797 284
1799 1732
1800 1927
1805 1784
1806 2298
1807 1086
1808 1239
1810 1362
1811 1315
1812 901
1814 1765
1815 2394
1816 1536
1817 1700
1823 640
1824 1662
1828 3290
1830 1967
1832 1716
1833 1879
1834 3327
1835 1816
1836 360
1838 2077
1839 2263
1840 410
1841 2324
1843 1688
1845 1837
1846 2092
1848 2486
1849 1940
1850 1430
1851 1501
1853 2461
1855 1568
1857 2230
1860 2390
1861 2211
1862 1751
1863 2487
1866 3103
1867 1411
1868 1340
1869 1821
1870 3023
1872 3262
1873 3693
1874 2542
1875 1624
1877 715
1881 2328
1883 2168
1887 2492
1889 641
1892 1421
1895 2752
1898 3111
1899 2430
1901 733
1902 1920
1904 709
1905 1593
1906 1597
1907 2868
1909 1371
1912 2142
1914 2667
1916 2972
1917 1590
1918 1129
1919 2509
1920 1763
1921 3956
1922 2146
1927 1630
1930 2416
1934 3650
1940 2048
1941 2660
1947 2128
1950 2088
1952 1486
1953 193
1957 454
1959 2697
1960 517
1962 658
1963 1804
1968 829
1972 1641
1973 1993
1980 1812
1984 1457
1985 1370
1986 2104
1987 2250
1991 1632
1992 2707
1993 2589
1995 1721
1996 3632
1999 1530
2000 3286
2001 222
2002 3364
2007 30
2009 2467
2012 2124
2013 2846
2016 3250
2018 1850
2020 2450
2022 2682
2024 971
2025 2381
2026 3089
2027 1519
2033 1779
2035 2010
2037 1413
2039 1836
2040 283
2041 1065
2043 1890
2044 2859
2045 1312
2048 2221
2049 4082
2050 3147
2051 938
2052 1468
2053 747
2055 1417
2057 2735
2058 2148
2062 3222
2063 1516
2064 1408
2066 2865
2067 2773
2068 1558
2069 3513
2071 1863
2072 1592
2075 220
2076 2045
2085 2490
2087 1978
2088 2530
2092 2170
2093 1952
2096 1330
2098 1847
2100 1989
2102 2832
2103 2455
2107 3410
2108 1618
2109 2440
2112 2946
2113 1263
2117 1602
2119 2911
2120 4049
2123 2303
2127 2458
2128 2564
2132 2053
2133 2369
2135 1369
2140 1364
2141 1201
2142 2335
2144 2065
2146 2349
2149 2849
2151 2144
2152 2161
2153 988
2154 2084
2160 2024
2163 1918
2168 2134
2170 773
2172 2977
2175 139
2177 2215
2182 1614
2189 945
2191 1405
2193 3796
2197 2687
2201 1244
2202 2754
2205 1995
2206 2527
2208 2639
2209 1162
2210 2429
2211 2347
2216 1168
2217 1886
2219 645
2224 2302
2228 943
2230 1929
2234 2777
2235 1635
2236 2912
2237 983
2239 2444
2243 2451
2245 3824
2254 3463
2258 1269
2260 2395
2261 2566
2262 1145
2264 2705
2266 1595
2268 3093
2271 1345
2276 2209
2277 767
2278 3543
2280 2002
2282 1208
2284 2606
2286 1805
2288 2342
2289 2582
2290 1810
2292 972
2293 3400
2295 2122
2300 3260
2303 1394
2309 2919
2314 3685
2316 2924
2319 2208
2324 1462
2333 1552
2334 2140
2336 4092
2339 1701
2340 2120
2341 1083
2342 2355
2343 1813
2345 3171
2346 1960
2349 3102
2350 2018
2352 2575
2354 3408
2355 1190
2359 2619
2360 2281
2363 1961
2364 1926
2367 2129
2370 1819
2374 1963
2377 1440
2380 3721
2382 3330
2385 4083
2386 2074
2388 3328
2391 2483
2392 2689
2394 2154
2395 3005
2397 2075
2401 1806
2402 2504
2403 4069
2405 1970
2406 1741
2408 1502
2413 1798
2414 2235
2415 3210
2421 1473
2424 970
2426 2304
2431 3540
2434 1001
2438 2175
2443 681
2445 2150
2446 1582
2447 2178
2449 447
2452 2158
2454 1310
2459 123
2466 2514
2467 2383
2468 2507
2471 2678
2479 2794
2481 3293
2484 161
2486 2839
2488 839
2491 1914
2494 2804
2495 2434
2496 3751
2501 3243
2505 1623
2510 2708
2512 2488
2513 4011
2516 2478
2518 2856
2520 2953
2521 4044
2523 3518
2524 3178
2525 3725
2527 3288
2528 3190
2535 1953
2540 2078
2541 3743
2542 1738
2543 3887
2547 2651
2548 3182
2550 2222
2551 1840
2553 2180
2558 3844
2559 999
2563 2375
2564 1132
2567 2071
2570 3767
2577 1489
2579 2203
2581 2087
2583 2581
2595 2274
2599 2143
2601 2322
2603 2289
2607 2884
2610 165
2612 3952
2613 2802
2614 2205
2615 1229
2621 1363
2626 2571
2630 3527
2631 1088
2632 1464
2651 2673
2653 2313
2655 2913
2656 2611
2665 1727
2668 2004
2671 2612
2672 2210
2675 1943
2681 675
2682 1480
2689 3599
2700 2778
2701 3084
2704 2845
2705 1818
2707 1686
2708 2125
2715 3455
2727 2966
2730 2567
2736 1908
2739 4078
2740 3754
2741 2576
2747 1481
2748 3652
2749 1650
2753 1685
2755 1378
2756 2026
2758 2833
2760 3226
2761 3399
2786 2578
2787 2925
2793 1931
2795 2750
2797 2637
2799 2826
2807 3383
2812 3621
2815 3083
2817 2325
2820 2393
2823 1375
2824 2443
2827 1182
2828 2817
2832 2403
2833 2577
2836 3048
2838 1666
2839 3337
2841 2387
2842 3073
2843 1990
2844 1289
2846 3415
2849 1844
2853 3869
2855 2550
2871 2153
2873 1750
2874 1147
2875 4006
2877 2314
2881 2570
2882 2449
2885 1326
2886 3482
2888 2782
2895 2031
2897 2883
2901 3587
2902 1279
2908 3402
2914 2013
2919 3950
2921 1754
2924 3784
2931 3442
2934 2700
2935 3457
2940 2524
2941 3319
2943 1220
2946 2850
2956 2510
2957 1534
2958 959
2962 2962
2963 3283
2967 1542
2968 2749
2969 4058
2971 761
2980 3465
2984 1517
3000 1581
3007 1781
3009 2851
3010 2037
3011 3242
3012 3264
3017 3302
3020 2877
3023 2003
3027 3576
3029 1919
3033 2463
3042 3031
3053 2356
3056 3019
3058 2162
3060 2474
3063 2436
3067 3747
3076 3648
3080 2100
3087 3711
3088 3322
3092 2007
3095 3827
3098 1585
3110 2563
3112 2768
3116 3122
3126 2119
3127 3519
3128 2772
3130 3086
3131 3291
3133 2422
3135 904
3136 3620
3137 3129
3141 2677
3147 2528
3148 3170
3149 3491
3150 3299
3159 2963
3163 1639
3164 1428
3180 2379
3181 2050
3184 2123
3185 1803
3188 3464
3190 2202
3192 3831
3196 1615
3197 3908
3201 2909
3202 2990
3211 3584
3214 1166
3215 1760
3220 155
3230 1653
3238 2622
3242 2808
3245 3704
3251 3573
3257 3085
3258 3340
3271 3726
3273 2910
3275 3131
3278 1849
3280 3549
3284 3412
3293 3925
3311 1617
3321 2066
3326 2295
3330 1916
3352 2027
3354 3500
3357 2696
3376 2645
3378 2259
3382 2285
3387 2921
3390 2224
3397 1724
3407 1717
3411 2974
3428 2760
3432 1570
3433 2541
3437 1607
3443 3307
3444 2106
3448 2811
3458 1861
3461 3918
3465 3443
3472 1904
3481 2996
3482 3230
3483 2831
3484 1303
3486 3035
3487 1811
3499 3921
3506 1672
3512 2386
3516 2810
3525 2192
3532 3115
3539 2991
3542 2615
3547 3380
3554 1743
3555 2959
3556 2664
3562 2881
3566 2880
3569 2638
3578 2923
3580 3532
3581 1948
3588 2982
3593 1777
3597 1148
3600 3059
3611 3786
3613 2632
3616 2130
3618 3012
3634 3041
3636 1968
3641 3933
3644 4073
3649 2506
3652 3928
3655 2284
3661 2934
3664 2095
3671 3800
3675 2239
3681 1320
3683 2044
3692 3056
3693 3903
3705 4061
3719 2791
3720 1108
3726 2922
3728 3004
3743 2665
3762 2816
3765 2265
3771 3179
3776 2899
3778 3709
3779 2828
3801 3470
3814 2040
3822 4047
3830 3716
3831 2323
3836 1576
3844 1407
3847 3957
3853 1442
3857 3806
3864 2351
3868 2523
3879 3765
3892 2820
3895 2658
3906 1915
3908 3895
3914 2141
3921 3235
3924 2961
3936 2195
3939 1103
3940 1569
3942 2547
3949 2586
3955 1895
3957 3112
3968 2105
4002 2587
4011 3046
4021 4024
4030 2256
4034 3749
4055 3427
4058 3907
4073 429
4076 3334
4081 3025
4082 981
4088 2842
4089 3366

03_Camera1.jpg 04_Camera1.jpg
3 229
5 2
13 124
14 14
15 757
19 1345
20 119
21 468
22 100
23 611
25 55
26 645
27 10
28 513
29 364
32 506
33 249
34 1237
35 202
37 132
38 285
39 15
40 558
41 499
42 649
43 154
44 16
45 671
47 21
48 20
49 537
50 7
51 219
52 228
54 8
55 5
56 672
57 88
59 67
60 65
61 653
65 561
66 22
67 557
68 495
69 0
71 109
72 636
73 63
75 517
76 1324
77 662
79 709
81 878
82 981
83 698
84 137
85 172
86 165
87 44
90 290
93 116
94 367
95 107
96 13
97 3
98 745
99 466
100 287
101 864
102 53
104 477
105 121
106 421
107 724
108 84
109 133
112 288
114 339
115 150
117 83
120 604
122 248
125 450
128 514
129 368
130 396
131 104
132 1310
133 2301
134 584
135 36
136 449
137 346
138 19
140 120
141 992
142 639
143 478
144 231
145 413
146 81
147 441
148 39
149 237
150 129
151 1342
152 383
153 92
154 283
155 113
157 331
160 195
161 690
162 1238
166 286
167 59
168 212
169 173
171 295
172 258
174 1020
176 1015
177 713
179 821
180 85
181 25
184 735
186 786
187 946
189 131
190 327
191 203
192 921
195 32
196 1479
197 534
198 246
199 370
202 362
203 87
206 1169
208 858
209 610
210 415
211 597
212 865
213 186
214 360
215 146
217 38
218 303
219 338
222 1446
225 213
226 1262
227 226
228 727
230 49
231 950
232 606
233 942
236 388
237 455
238 235
242 882
243 1248
244 508
247 230
248 519
249 975
250 460
252 902
253 576
254 642
255 1037
258 392
260 41
261 236
262 1616
263 435
264 828
265 1991
267 217
269 552
270 1252
272 428
273 33
274 486
275 410
277 527
278 793
280 569
281 291
282 542
286 112
290 400
291 2745
292 244
294 1637
296 676
298 192
299 767
300 876
301 524
302 717
304 596
305 914
306 693
308 632
309 854
312 27
313 1024
314 97
315 1163
316 3371
317 1055
318 241
320 890
321 438
322 484
323 380
325 214
326 401
327 452
328 677
329 722
330 1769
331 169
332 1553
333 2093
334 1056
335 75
336 166
337 560
338 71
340 314
341 2481
342 451
343 196
344 342
345 469
346 233
347 422
348 760
350 188
351 1669
352 754
354 511
355 252
356 532
357 204
358 797
359 215
361 899
362 224
363 93
364 4
365 238
366 35
367 264
370 510
371 1225
373 307
374 629
375 674
376 2188
378 373
381 136
382 773
383 222
384 276
385 687
386 37
387 366
389 98
392 453
393 105
394 778
395 117
396 1186
397 158
399 412
400 504
401 1597
404 76
406 954
407 641
408 1373
411 357
412 960
413 311
414 446
415 481
416 122
418 881
419 2214
420 423
421 935
422 1044
424 64
425 50
426 227
427 1145
428 102
430 974
431 482
432 427
434 779
435 436
436 317
437 171
438 353
440 2138
442 17
443 343
444 685
446 1377
448 462
449 350
450 612
452 661
453 1893
454 371
455 1202
457 1656
458 416
459 593
460 52
461 1935
462 369
463 905
464 161
465 365
467 207
468 344
470 2534
472 259
474 1157
475 118
476 570
477 1361
478 492
479 375
481 243
482 180
483 883
484 257
485 61
486 815
487 845
488 1064
491 106
492 199
493 721
494 115
495 123
497 1099
498 2090
499 2227
500 144
501 500
502 419
503 72
504 326
506 89
507 426
508 377
509 140
510 614
511 952
515 903
516 625
517 405
518 562
519 31
520 294
521 539
522 135
523 820
524 809
527 465
528 281
529 737
531 776
533 626
534 99
535 993
537 691
538 1088
539 335
540 440
545 695
546 1490
547 11
548 463
549 761
550 515
551 341
552 1011
553 57
554 1431
555 1309
556 619
557 995
558 3606
559 631
560 348
562 970
563 986
564 545
567 221
569 351
571 251
572 95
573 361
574 459
577 501
578 912
579 574
580 1007
581 60
582 349
583 147
584 69
585 1151
586 28
587 387
588 1995
589 209
590 494
591 1166
592 525
593 206
594 1125
595 502
597 810
598 152
599 6
600 159
601 1110
602 1035
604 1332
605 48
606 994
610 1312
612 345
613 723
615 1028
616 587
618 43
619 943
620 1397
621 3337
622 1794
623 1884
625 324
626 386
627 2070
628 855
629 1053
632 529
634 520
635 185
636 1214
637 962
638 1419
640 702
642 1003
643 191
644 292
645 1967
646 359
647 739
649 608
650 1347
651 1143
653 340
654 467
655 94
659 174
660 329
661 250
666 247
667 621
668 457
669 658
670 1444
671 638
672 1429
673 1029
674 480
676 978
677 663
679 1041
680 128
681 302
682 1487
683 268
684 701
686 187
687 955
688 744
689 439
690 1039
691 503
692 535
693 1381
694 1337
695 2264
696 384
697 1097
698 977
699 795
700 957
701 871
702 1540
703 996
704 167
710 1364
712 908
713 859
714 411
718 900
719 548
720 476
722 505
723 1645
724 491
725 792
729 624
732 985
733 1230
734 872
736 1720
738 637
739 1142
740 96
741 379
742 1568
743 731
746 749
750 418
751 1199
752 707
753 2483
754 805
755 1627
756 1375
758 2007
759 1952
760 659
762 29
764 1158
765 725
766 234
768 2029
769 498
770 553
771 437
772 479
774 2668
775 579
776 530
777 567
778 216
779 488
781 1468
782 1382
784 2457
785 1511
786 673
787 647
788 3284
789 743
790 555
791 1122
792 2100
793 358
794 271
795 909
796 1219
797 68
798 730
799 1167
800 696
801 601
802 220
803 1699
804 1066
806 543
807 1092
808 719
809 108
810 533
811 2333
812 963
814 1552
816 1119
817 959
818 1292
819 763
820 398
821 932
823 1204
824 1164
825 586
826 1272
827 801
828 1077
830 934
831 564
832 852
834 1244
835 877
836 305
837 657
838 583
842 718
843 2004
845 1048
847 1027
848 885
849 1154
850 984
851 2530
853 1102
854 183
855 605
856 313
857 1185
858 408
859 835
860 972
861 1147
862 18
863 2223
866 1683
867 967
868 319
869 526
870 1135
871 1222
872 998
873 1882
874 282
875 798
876 429
877 782
878 1984
879 766
880 1561
881 664
882 1195
883 787
884 1363
885 1570
886 1997
888 190
889 3039
890 1315
892 919
893 403
894 34
895 582
896 989
897 1241
899 521
900 3358
901 1448
902 836
903 846
905 1407
906 262
907 829
908 575
909 2409
910 2393
911 1290
913 395
915 1014
916 1527
917 1175
919 1172
920 1165
921 1006
922 1803
923 1078
924 296
925 316
928 138
929 409
930 559
932 2074
933 1744
935 1232
936 1494
938 1992
939 1548
941 756
943 256
946 1844
947 1139
948 538
952 1543
953 1604
954 1105
957 1107
958 956
960 720
961 807
963 1690
964 1108
965 1115
966 808
967 762
972 2637
975 843
976 1421
977 266
978 2625
979 823
980 1405
982 1928
983 1368
984 1979
986 1257
987 1646
988 781
989 2225
990 1466
991 278
992 1266
994 245
995 1282
996 549
997 522
998 3711
999 1346
1000 263
1004 1680
1005 298
1006 1209
1007 355
1009 1624
1011 1648
1012 1090
1014 1463
1015 280
1016 363
1018 3391
1019 1333
1020 431
1023 630
1024 777
1026 1152
1027 1432
1028 389
1029 759
1030 999
1031 2581
1032 811
1036 844
1038 267
1039 1341
1040 1206
1042 2557
1043 125
1045 442
1046 945
1048 127
1049 3463
1050 669
1051 485
1052 851
1053 910
1054 1573
1055 544
1056 474
1057 726
1058 30
1059 708
1060 769
1062 1183
1063 1351
1065 2042
1066 965
1068 1093
1070 2157
1071 684
1074 487
1075 332
1077 2640
1078 1289
1079 1374
1080 1104
1081 1287
1082 1228
1084 1916
1085 870
1086 1388
1089 660
1090 399
1091 334
1092 1410
1093 90
1094 982
1095 2891
1097 2401
1098 924
1099 2245
1100 1869
1101 1805
1103 1924
1104 1132
1105 269
1107 1843
1108 2528
1109 1384
1111 1664
1112 813
1113 785
1115 1103
1117 1369
1118 572
1119 1155
1121 1002
1122 667
1124 1762
1125 2041
1126 274
1127 1067
1129 1334
1133 1168
1134 1059
1136 1069
1138 1004
1139 1701
1140 1072
1141 1130
1143 3099
1144 3003
1146 862
1149 1581
1150 834
1151 1138
1154 483
1159 1918
1160 1314
1161 635
1162 1084
1163 2750
1164 77
1165 1722
1169 1008
1170 958
1171 2511
1173 2256
1175 1231
1176 1129
1177 1070
1178 46
1179 162
1180 875
1182 2161
1183 407
1184 3612
1186 869
1187 1133
1188 2156
1189 1786
1191 1226
1192 1207
1193 1302
1194 694
1195 1036
1196 2206
1197 770
1198 1087
1199 2543
1201 607
1202 1140
1203 2554
1204 1772
1206 904
1207 1250
1208 1987
1209 577
1211 788
1212 906
1213 1958
1214 1470
1215 1450
1216 1605
1217 1858
1221 1610
1222 1156
1223 1827
1224 1507
1225 2337
1230 1993
1231 1293
1232 2968
1233 775
1235 1854
1236 1634
1237 913
1238 2003
1239 628
1240 1836
1241 1018
1242 916
1243 1404
1245 1498
1246 1619
1247 1327
1248 1512
1249 1233
1251 602
1252 922
1254 2374
1255 1245
1256 1026
1257 1360
1262 598
1264 1217
1267 1544
1269 884
1271 594
1273 394
1275 1074
1276 988
1277 1411
1279 454
1281 1990
1283 1737
1285 819
1286 1549
1287 1742
1288 284
1291 1524
1292 1171
1293 1546
1294 1261
1295 1359
1296 1049
1300 1215
1303 3815
1304 588
1306 930
1307 1504
1309 3001
1313 2392
1314 528
1315 1789
1316 414
1318 1638
1319 1828
1320 2354
1321 976
1322 1516
1323 1012
1324 1137
1325 1010
1327 1279
1328 1801
1329 1968
1330 2699
1331 1537
1332 1091
1333 1288
1334 275
1338 1063
1339 818
1340 1058
1341 1131
1342 1812
1343 1640
1344 1144
1345 2194
1346 1455
1347 898
1348 706
1349 516
1352 2299
1354 2550
1355 1366
1357 1305
1361 1281
1362 1393
1364 1239
1371 1510
1372 1227
1373 1999
1374 3485
1377 1412
1379 1291
1383 1484
1385 1583
1389 1453
1390 933
1391 1835
1392 3053
1393 2019
1398 2344
1399 382
1400 148
1401 2485
1402 633
1403 1661
1404 1472
1409 4064
1410 1297
1413 1198
1416 3821
1418 1428
1419 1659
1420 2467
1421 3529
1422 3046
1423 1344
1424 939
1425 1267
1427 600
1429 1923
1430 894
1431 1038
1432 1670
1433 1831
1435 682
1436 901
1439 1403
1440 2866
1441 888
1444 1703
1445 3258
1447 1865
1448 1578
1449 1485
1450 1509
1451 1733
1453 1775
1454 1500
1455 2084
1456 1658
1457 1826
1458 1808
1459 1569
1462 1046
1464 733
1465 3171
1468 1879
1469 1520
1470 1362
1471 24
1473 3274
1474 710
1475 618
1478 2754
1479 1229
1482 1704
1483 1386
1484 2129
1485 1249
1486 1465
1488 1096
1489 2201
1491 1319
1492 2310
1495 3265
1496 1406
1497 2022
1498 1101
1499 592
1501 705
1502 2017
1504 907
1505 1845
1506 1732
1508 1629
1510 1547
1511 1862
1512 1358
1513 748
1515 2452
1516 2257
1517 2072
1521 2700
1522 634
1523 2205
1525 1085
1527 1718
1528 1579
1529 1054
1531 2314
1532 2192
1533 1454
1537 1840
1539 1974
1541 2102
1543 3390
1544 2658
1545 1960
1546 1885
1547 2079
1548 1596
1549 1073
1551 1508
1553 2101
1555 2696
1556 2642
1557 1855
1559 2726
1560 2331
1562 2045
1565 874
1566 1121
1567 2877
1568 1598
1571 666
1572 493
1573 315
1579 1278
1580 3372
1583 2734
1584 1240
1585 2415
1586 1887
1587 1877
1588 2482
1591 2146
1594 1390
1595 2289
1596 3439
1599 1586
1600 1647
1601 2294
1603 3768
1604 1606
1606 2356
1609 1649
1611 1820
1612 1825
1613 563
1615 3846
1616 1079
1622 2840
1624 1584
1625 3733
1626 2008
1627 1256
1629 830
1630 1817
1635 1955
1638 2372
1640 304
1641 1371
1642 1936
1643 1875
1645 2028
1646 3497
1650 2275
1652 3107
1654 1308
1655 747
1656 3411
1657 703
1659 1727
1660 711
1661 1663
1662 863
1663 374
1665 3378
1667 595
1668 789
1669 354
1670 1591
1671 3223
1673 1965
1675 613
1676 652
1677 1280
1680 2926
1682 1439
1684 2010
1686 1747
1687 1538
1688 1980
1690 1756
1691 1489
1692 1052
1693 2941
1694 1672
1697 1417
1698 1483
1700 1857
1701 2061
1702 1075
1703 616
1704 347
1706 826
1708 1491
1710 2292
1711 3838
1713 1956
1714 2130
1716 2024
1718 1797
1719 337
1720 1150
1721 1331
1724 1564
1725 2334
1726 2692
1727 3340
1728 1254
1730 1791
1731 1141
1733 2349
1734 1426
1737 1161
1738 1946
1740 3610
1743 1872
1744 2502
1745 2446
1746 2324
1749 2930
1752 1456
1753 1930
1756 1665
1757 1502
1759 2429
1760 1441
1761 816
1762 1861
1763 2209
1764 1051
1766 1763
1768 3295
1770 2987
1772 2123
1773 3221
1774 2486
1775 1193
1777 2304
1780 1471
1784 1758
1785 2938
1786 445
1790 1017
1792 1350
1794 1878
1795 1800
1796 2830
1798 1902
1801 971
1804 2360
1808 1689
1810 2636
1812 1218
1821 1891
1825 1793
1827 1445
1830 1268
1832 2163
1833 2937
1834 2241
1835 2501
1836 1655
1840 1236
1841 3348
1842 2149
1847 1306
1848 891
1849 1588
1850 1203
1851 3347
1852 857
1855 3307
1856 1811
1858 1514
1859 2496
1860 2506
1861 2870
1863 2857
1865 1379
1866 2493
1867 1499
1868 1190
1869 1200
1870 464
1872 1821
1873 2203
1874 2176
1878 1653
1880 1941
1881 1117
1885 1558
1886 2359
1887 434
1889 2555
1891 1818
1892 2859
1895 2265
1896 931
1897 2539
1902 2202
1908 3009
1910 1694
1911 1921
1912 1696
1913 1430
1914 3678
1917 1621
1918 1813
1919 1094
1921 1766
1924 2884
1925 2606
1932 2249
1934 2774
1935 1681
1936 1867
1940 1686
1941 783
1944 3473
1945 1615
1946 2742
1947 2499
1948 1187
1949 1770
1951 1492
1952 2459
1954 2772
1958 1650
1959 1678
1964 2461
1965 1525
1966 2475
1972 2293
1973 1998
1974 2643
1975 2836
1976 2468
1978 393
1979 1790
1981 2136
1982 2954
1983 2166
1984 1322
1988 2151
1989 2086
1990 1866
1993 2654
1994 164
1995 3922
1996 1922
1997 1796
2000 949
2002 1120
2003 1424
2008 66
2010 953
2011 160
2013 3147
2016 3472
2017 2687
2020 1612
2021 1396
2023 2455
2024 1019
2025 3637
2026 1851
2027 1462
2028 1908
2029 2144
2030 3395
2032 3194
2033 2165
2034 4038
2038 1216
2039 892
2041 3973
2043 3102
2045 2814
2049 3802
2050 3513
2052 2420
2057 1912
2058 1352
2059 1247
2060 1394
2062 1713
2063 4059
2064 3499
2065 2646
2066 2382
2067 1134
2069 1708
2074 1667
2077 3083
2078 1787
2079 2318
2080 1438
2082 617
2083 2535
2084 2221
2086 3603
2087 2210
2088 2945
2090 1153
2093 1513
2097 1480
2099 1682
2100 3351
2102 1519
2104 2620
2106 2533
2107 2002
2108 1611
2109 1263
2112 3382
2114 2116
2115 1174
2116 1607
2117 1784
2119 2408
2120 1898
2123 2878
2124 2098
2125 1750
2126 3092
2127 3686
2128 1623
2130 2195
2133 1473
2134 2099
2135 2140
2136 1652
2138 3857
2140 2888
2142 3657
2145 1503
2146 2465
2148 755
2151 4091
2152 2033
2155 964
2156 2723
2158 3667
2159 1335
2161 2634
2162 1725
2164 1871
2165 1196
2166 2128
2167 1284
2177 3600
2181 1903
2184 1562
2187 1162
2188 2081
2190 2397
2191 3539
2193 2626
2198 1943
2199 2769
2201 4011
2202 1372
2203 2230
2204 3897
2205 3322
2208 1408
2211 2910
2212 866
2213 2545
2214 3655
2215 2897
2217 1881
2221 2143
2226 3355
2227 980
2228 2038
2234 2240
2237 2629
2240 2097
2242 1759
2243 1111
2244 2152
2245 2498
2246 3037
2247 1009
2249 1679
2252 1757
2253 1804
2255 3095
2257 1318
2260 1194
2262 2110
2266 2428
2268 670
2270 732
2271 2732
2273 2196
2281 1976
2282 2621
2285 2708
2289 1939
2293 580
2294 2278
2296 2421
2297 1481
2299 2749
2301 2779
2302 2056
2308 3699
2310 3593
2313 2920
2318 3977
2319 2670
2320 2087
2321 2972
2327 880
2328 1850
2330 2449
2332 923
2333 2809
2335 1338
2341 3135
2342 2434
2343 3161
2344 1264
2345 3027
2348 1348
2350 2806
2353 2305
2355 3402
2356 1343
2358 1822
2359 2021
2360 2063
2361 2850
2366 2553
2367 1622
2369 2016
2375 3852
2377 470
2379 2474
2381 3079
2383 3555
2384 3999
2387 2366
2388 2411
2390 1436
2392 1316
2393 1370
2398 2835
2402 1673
2403 2705
2406 1294
2407 4005
2411 1385
2412 2655
2414 2279
2415 1376
2416 940
2417 2981
2418 2509
2420 1391
2422 1837
2424 2512
2425 1662
2426 1330
2429 3000
2430 1953
2433 2014
2435 2200
2436 3739
2437 2325
2440 1123
2441 1959
2442 2575
2443 2121
2444 2229
2449 3942
2450 1964
2451 2764
2454 2338
2456 2605
2458 700
2460 1211
2462 2805
2466 1497
2467 2006
2468 3687
2470 2332
2473 799
2474 3393
2479 2848
2482 3751
2483 2424
2484 2904
2485 3366
2487 1636
2492 2242
2494 1859
2495 2270
2501 4025
2505 2058
2507 3113
2508 2969
2509 3106
2514 3743
2519 1532
2520 1730
2522 3017
2524 2573
2527 1595
2528 2956
2529 3184
2530 3647
2532 2347
2533 1326
2538 1760
2539 2126
2542 3253
2544 1706
2563 2470
2564 2404
2567 4017
2568 3932
2570 1184
2571 2290
2575 2934
2576 2141
2577 2778
2578 2807
2579 2398
2580 2442
2581 3138
2582 2729
2583 827
2586 1942
2590 609
2597 3431
2604 2274
2609 2707
2610 2517
2612 1433
2622 2234
2623 2013
2624 1834
2626 3517
2629 3437
2638 2944
2639 3984
2640 3731
2645 2513
2649 2487
2650 1986
2651 1242
2654 1651
2655 1962
2663 2353
2664 1602
2667 1220
2671 1299
2673 3230
2676 2043
2677 3827
2678 3638
2680 1761
2682 2336
2684 2875
2685 3011
2689 2783
2696 2189
2705 2748
2707 1847
2719 1082
2724 3098
2726 2854
2731 2285
2737 2720
2739 3193
2741 2095
2748 997
2749 1907
2751 3384
2753 3219
2754 1061
2755 3927
2756 3798
2761 2756
2768 3056
2770 4013
2772 2868
2773 2454
2777 2179
2779 3257
2782 1625
2787 3976
2789 2319
2791 2407
2792 1815
2794 2540
2795 3068
2800 2826
2804 3651
2805 2569
2810 2782
2811 3428
2814 2827
2817 2922
2820 2094
2822 1910
2823 2648
2825 2473
2826 3365
2833 2566
2836 1643
2839 3104
2840 3885
2841 2552
2846 3494
2847 2182
2849 856
2851 2504
2853 2268
2854 1810
2855 3658
2857 752
2858 2564
2863 2316
2865 2988
2869 716
2871 4066
2872 2025
2874 3469
2877 2546
2883 3549
2886 3155
2887 2887
2889 1276
2893 3804
2894 3420
2899 3455
2901 1702
2902 2591
2907 2445
2908 3562
2909 1416
2910 3752
2919 2695
2922 2381
2924 937
2925 2794
2931 3949
2933 1392
2934 2170
2937 2789
2941 3482
2942 4070
2953 2145
2954 4023
2958 2650
2959 2211
2961 3633
2968 2039
2969 2698
2972 2048
2974 3862
2977 1576
2978 3495
2984 4051
2985 2117
2987 4001
2989 3760
2991 2122
2995 2403
2996 4028
3009 2284
3010 729
3011 1618
3013 2616
3014 2852
3017 3538
3019 3168
3021 3811
3023 2667
3024 3401
3037 1687
3039 2458
3041 3116
3053 1957
3059 3577
3062 2580
3064 261
3066 1533
3069 3683
3074 3503
3076 1698
3077 1296
3078 3073
3082 2375
3083 3812
3084 2020
3085 3183
3090 2091
3091 3231
3093 3487
3096 2842
3098 1550
3099 3674
3101 2238
3102 3988
3122 2684
3145 2139
3150 2839
3154 3008
3159 2693
3171 2246
3172 2895
3175 3224
3176 2990
3187 2630
3192 679
3194 3719
3197 3243
3198 3916
3201 2439
3202 850
3204 2816
3208 3162
3210 3877
3211 2306
3226 771
3231 2044
3233 1895
3241 3749
3242 1660
3246 3526
3249 1603
3250 1246
3258 3794
3260 3175
3262 1734
3269 2113
3271 3392
3272 2441
3273 2933
3278 3007
3286 2505
3290 1118
3293 1642
3294 1542
3304 3550
3323 2590
3325 3919
3327 2184
3330 300
3336 2083
3337 3969
3340 2529
3342 3639
3347 3109
3356 3900
3360 3486
3362 2073
3364 2923
3386 4002
3391 2040
3399 2800
3400 2801
3401 2614
3412 2106
3419 3014
3435 1539
3441 1493
3443 2153
3454 3287
3456 2220
3462 2709
3466 2066
3474 2893
3475 3432
3482 2531
3491 2527
3494 2150
3506 2871
3509 2266
3510 3508
3519 3298
3531 3622
3532 1016
3537 2523
3540 2456
3543 2819
3547 2686
3570 1853
3576 2703
3584 3948
3586 1838
3587 2659
3591 2935
3593 3326
3597 2936
3599 2253
3621 1535
3632 3584
3646 2417
3652 3032
3657 3130
3658 4086
3680 2281
3682 2664
3685 4000
3692 2758
3695 3297
3696 265
3704 2451
3709 2425
3711 3511
3715 3588
3718 650
3721 2843
3722 2060
3743 2345
3744 2798
3749 1545
3751 1400
3784 3801
3789 3545
3794 3595
3796 2127
3798 3267
3800 3370
3806 2999
3815 3982
3816 1398
3818 3904
3828 1940
3831 1644
3836 3380
3837 3983
3844 2596
3857 3772
3866 1971
3869 3086
3877 2595
3879 1785
3890 3813
3891 2632
3895 2462
3908 3679
3910 2681
3918 3766
3921 3246
3923 3321
3925 2252
3926 2132
3932 2978
3945 1255
3950 3616
3954 2228
3959 3245
3973 3491
3978 1753
3990 3020
3996 1413
4009 3200
4015 3010
4024 2589
4037 3112
4049 2738
4063 2851
4073 4093
4078 3825
4079 1735
4082 2272
4083 297
4088 4033
4089 3100
4092 2346

